1 2 3 4 5 6 7 8 9 10 11 12 13 15 16 17 18 20 22 23 24 27 34 36 38 39 43 47 49 55 69 71 72 73 75 80 82 83 86 126 146 149 161 190 195 360 367 402 497
4 6 8 18 20 22 27 36 38 39 45 47 49 56 69 71 73 81 83 86 102 135 161 195 218 237
1 3 4 6 8 12 14 18 20 22 27 32 36 38 39 47 49 54 64 69 71 73 74 81 83 86 101 102 105 108 109 110 116 117 132 135 161 164 171 195 210 218 227 240 253 289
6 8 17 18 20 22 27 36 39 44 46 47 52 54 64 65 69 71 73 83 86 87 97 101 102 105 109 110 121 124 135 146 148 210 253 328
1 6 18 20 22 27 32 36 38 39 47 52 54 64 65 69 71 73 74 82 83 86 87 97 101 102 105 108 109 110 117 121 135 146 171 172 176 240
1 3 6 17 18 20 22 27 36 38 39 46 47 52 54 64 65 69 71 73 81 83 86 87 91 95 97 101 102 105 108 109 110 117 121 124 135 164 171 210 240 255
1 4 6 11 13 18 20 22 23 27 36 38 39 46 47 49 52 69 71 73 78 83 86 87 95 101 105 108 109 110 121 135 164 171 172 218 596
1 3 4 6 18 20 22 27 36 38 39 47 49 69 71 74 83 87 97 101 105 109 110 111 218
1 4 6 17 18 20 22 35 36 38 39 47 49 52 54 69 75 82 83 86 95 101 102 105 108 110 116 121 148 210 220 290
1 3 6 9 11 18 20 22 34 36 39 46 47 54 69 78 82 83 86 101 102 105 108 109 110 116 121
1 6 9 18 20 22 23 27 36 38 39 40 46 47 49 52 64 69 71 74 78 79 82 83 85 86 87 91 95 97 101 102 108 109 111 116 120 121 134 148 164 172 174 176 210 218 265 289 328 383
1 3 6 9 17 18 20 22 27 36 38 39 46 47 49 52 53 54 64 69 71 74 78 79 81 83 86 87 91 97 101 102 105 109 110 111 116 134 172 176 220 265 383 492
4 6 18 20 22 36 38 39 44 46 47 49 52 64 69 71 74 78 83 86 95 101 102 105 108 109 110 111 116 121 127 146 164 171 172 174 210 218 227
1 4 6 17 18 20 22 27 28 36 38 39 40 46 47 49 52 54 56 64 65 69 71 74 78 79 81 83 86 87 88 97 101 102 105 108 110 111 120 121 148 164 172 176 218 249 253 311 328 400 492
3 4 6 18 20 22 27 36 38 39 46 47 52 54 64 65 69 71 74 78 81 86 87 101 109 110 111 172
3 6 17 18 20 22 27 36 38 39 44 47 52 56 65 69 71 78 81 86 87 88 95 97 101 102 109 110 121 134 146 210 218
1 3 6 9 17 18 19 20 22 27 31 36 38 39 46 47 52 54 64 65 66 69 71 73 78 81 83 86 87 97 101 102 105 109 110 111 117 142 146 171 176 255 328 496
1 4 6 17 18 20 22 27 36 38 39 44 46 47 52 64 65 69 71 73 74 78 79 81 82 83 86 87 90 97 101 102 105 108 109 111 116 121 124 148 164 172 218 220 255 311 396 406
6 18 20 22 27 36 38 39 44 46 47 49 54 64 65 66 69 71 74 78 81 83 86 90 101 102 105 108 109 110 111 116 121 124 142 171 172 299
2 3 4 6 8 11 18 20 22 27 36 38 39 44 46 47 54 56 64 65 69 71 74 81 83 85 86 87 88 90 97 102 105 107 108 109 116 117 121 132 148 164 171 271 290 400 409
1 4 6 13 17 18 20 22 27 36 38 39 40 44 46 47 49 52 54 56 64 65 69 71 73 74 75 78 79 81 83 86 87 91 97 101 102 105 108 109 110 111 116 117 120 121 127 135 142 148 164 216 240 289 299 374 433 565
1 4 6 17 18 20 22 27 36 38 39 44 46 47 49 54 64 65 69 71 73 74 78 79 83 86 87 97 101 102 105 110 111 120 121 148 374 409
1 4 6 18 20 22 27 30 36 38 39 46 47 49 52 54 55 64 65 69 71 73 78 82 83 86 87 88 91 95 97 101 102 105 108 109 110 111 116 117 121 124 127 135 148 164 171 218 227 240 289 565
1 2 4 6 17 18 20 22 27 36 38 39 40 46 47 54 65 69 71 73 79 83 86 87 88 97 101 102 105 108 109 111 120 121 148 164 171 220 221
1 6 8 9 17 18 20 22 26 36 37 38 39 40 46 49 52 53 56 64 65 69 71 74 78 79 81 83 86 95 101 102 105 108 109 110 111 116 117 121 132 148 164 171 172 174 290 374 456 492
1 3 5 6 9 18 20 22 30 36 38 40 46 49 52 66 69 71 83 86 95 102 105 108 109 110 121 172
1 6 9 17 18 20 22 27 36 38 39 44 46 47 49 52 57 64 65 69 71 74 79 81 83 86 87 97 101 102 105 109 111 116 120 121 124 134 148 161 265 321
3 6 9 17 18 20 22 27 36 38 39 44 46 47 49 52 54 64 65 69 71 74 79 81 83 87 97 101 102 108 109 111 116 134 164 171 172 220 777
6 17 18 20 22 27 36 38 39 40 44 46 47 52 54 64 65 69 71 74 79 81 83 86 87 101 102 105 108 109 148 171 172 174 220
6 17 18 20 22 27 36 38 39 44 46 47 54 64 65 69 71 74 79 81 83 86 87 101 102 108 109 172 218 400
1 3 4 6 9 17 18 20 22 27 32 36 38 39 44 46 47 49 52 54 56 64 65 69 71 73 74 79 81 83 86 87 91 97 101 102 105 108 109 142 148 161 172 178 591
1 3 4 6 17 18 20 22 27 36 38 39 44 46 47 49 52 56 64 65 69 71 73 74 81 83 86 87 90 95 97 101 102 105 108 109 148 161 164 174 210 228 271 383 703
1 2 4 5 7 11 16 24 32 43 49 55 61 82 113 125 169
6 18 20 22 36 38 39 47 52 54 65 69 71 73 83 86 88 101 102 108 109 110 121 146 148 176
6 9 17 18 20 36 39 49 52 69 74 83 86 88 108 110 146 171 227 289
1 4 6 18 20 22 27 36 38 39 46 47 49 52 64 69 71 74 78 82 83 86 87 88 95 102 105 108 109 110 111 116 117 120 121 146 148 164 171 210 227 249 255 289 374 400
1 6 17 18 20 22 27 36 38 39 40 46 47 49 52 54 64 69 71 74 78 79 81 82 83 86 87 95 97 101 102 105 107 108 109 110 111 116 117 121 146 148 164 171 172 174 176 218 227 289
1 6 17 18 20 22 24 27 36 38 39 46 47 49 54 56 64 69 71 74 75 78 79 82 83 86 87 95 97 101 102 105 107 109 110 111 116 117 121 132 135 142 146 148 171 172 174 176 218
1 2 3 4 6 7 8 9 11 14 17 18 20 22 23 27 36 38 39 44 46 47 52 54 56 64 65 66 69 71 74 78 79 83 86 87 90 97 101 102 105 108 109 110 116 117 121 124 135 142 146 148 164 171 174 210 218 255 289 311 321 325 496 518 621 759
1 3 4 6 17 18 19 20 22 23 27 36 38 39 44 46 47 52 54 64 69 71 74 78 79 83 86 87 90 91 97 101 102 105 109 117 121 124 135 148 171 176 220 253 518 621 703
1 3 4 6 9 17 18 20 22 23 27 36 38 39 44 46 47 52 54 56 64 66 69 71 74 78 82 83 86 87 90 97 101 102 105 108 109 148 417
1 3 4 6 7 9 17 18 20 22 23 26 27 32 36 38 39 40 44 46 47 49 52 56 63 64 65 69 71 73 74 75 78 81 83 86 87 88 91 95 97 101 102 108 109 110 116 117 135 142 148 161 164 168 171 174 197 218 237 253 265 289 290 311 383 417 703
1 2 3 6 16 18 20 22 24 36 40 46 54 74 82 83 86 95 105 108 109 110 116 195 210 220
6 8 18 36 39 54 74 75 82 86 95 105 116 195 210 220
1 3 6 8 13 18 20 27 32 36 38 39 46 48 52 54 64 69 71 73 78 82 83 86 87 90 95 97 105 108 109 110 116 121 135 171 237 253 265 289
6 8 18 20 22 27 36 39 46 54 71 73 74 82 86 87 90 97 109 110 124 164 218 237 265
1 6 9 18 20 22 27 36 38 39 40 46 47 49 52 54 64 65 69 71 83 86 87 95 101 102 105 109 110 120 121 127 135 142 148 164 172 174 210 220
1 3 6 16 17 18 19 20 22 27 36 38 39 46 47 49 52 64 65 69 71 75 79 82 83 86 87 95 97 101 102 105 108 110 120 127 148 172 210 255
1 3 6 9 13 17 18 20 22 27 36 38 39 46 47 49 52 64 65 69 71 73 75 79 82 83 86 87 95 97 101 102 105 108 109 110 116 120 121 124 127 148 164 172 174 176 218 253 255 383
1 2 3 4 5 6 7 9 11 13 15 17 18 20 22 26 27 28 34 36 37 38 39 40 44 46 54 66 71 74 75 81 82 83 86 101 102 105 108 109 110 116 121 132 135 146 164 172 220 237 289 290
6 7 17 18 20 22 27 36 38 39 46 54 60 71 74 83 86 95 101 102 105 108 109 110 121 132 135 164 220
1 4 6 17 18 20 22 27 36 38 39 40 44 46 47 49 52 54 56 64 69 71 73 74 81 82 83 86 87 91 97 101 102 105 109 110 116 117 120 121 135 142 148 161 164 171 195 240 253 289 409 496
1 3 5 6 9 15 17 18 20 22 27 36 38 39 44 46 47 49 52 54 63 64 69 71 74 78 82 83 84 86 87 97 101 102 105 107 108 109 110 121 124 135 148 164 172 218 328 456
6 17 18 20 22 23 27 36 38 39 46 47 49 52 71 74 75 81 82 83 86 87 97 102 105 121 124 148 164
6 9 17 18 19 20 24 27 36 39 46 52 64 71 74 81 83 86 87
1 4 5 6 18 19 20 22 23 27 36 38 39 46 47 49 52 53 54 56 64 65 69 71 74 79 81 83 86 87 88 91 95 97 101 102 105 108 109 110 111 116 117 121 132 135 146 148 164 172 174 210 227 289 290 299 374
1 4 6 18 20 22 23 27 36 38 39 46 47 49 52 54 64 65 69 71 74 78 81 83 86 88 95 97 101 102 105 108 109 110 111 116 117 121 135 148 171 172 210 218 227 299 328
1 3 4 6 7 17 18 19 20 22 36 38 39 46 49 52 64 69 71 73 83 86 95 105 108 109 110 135 148 172 218 237 253
6 17 18 20 36 38 39 46 49 64 69 71 73 74 83 86 91 105 108 109 110 218
1 3 4 6 7 9 12 17 18 20 22 23 27 28 30 36 38 39 40 44 46 47 49 52 54 56 64 65 66 69 71 73 78 79 81 82 83 86 87 88 91 95 97 101 102 108 109 110 116 120 121 124 135 142 148 154 161 164 172 174 181 210 253 255 265 406 417 456
3 4 6 9 17 18 19 20 22 23 27 36 38 39 40 44 46 47 49 56 64 65 69 71 73 78 81 86 87 88 95 97 101 102 108 116 142 148 161 164 174 197 210
3 6 9 11 17 18 20 22 27 36 38 39 40 46 47 49 52 54 64 65 69 71 74 78 81 83 86 87 91 95 101 102 105 108 109 110 121 124 135 148 171 172 253 409 496
1 3 4 6 9 18 20 22 27 36 38 39 46 47 49 52 54 64 65 69 71 74 78 81 82 83 86 87 95 97 101 102 105 108 109 110 111 121 135 142 148 218 328 433
1 3 4 6 9 17 18 19 20 22 27 36 38 39 46 47 49 52 54 64 65 69 71 74 78 79 81 82 83 86 87 95 97 101 102 105 108 109 111 121 135 142 172 218 255
3 4 6 17 18 20 22 23 27 36 38 39 46 47 49 56 65 69 71 78 81 86 87 88 97 105 108 146 174 197 374
4 6 17 18 20 22 27 36 38 39 46 47 49 52 56 64 65 69 71 78 81 86 87 88 97 101 102 105 121 146 197 240 374 743
1 3 4 5 6 17 18 19 20 22 23 27 36 38 39 46 47 49 64 66 69 71 74 78 79 81 82 83 86 87 95 97 102 105 108 109 110 111 116 120 121 148 164 171 172 218 290
6 7 17 18 20 22 27 36 38 39 40 46 47 49 64 69 71 74 81 83 86 87 97 101 102 105 108 109 111 116 120 148 172 255
1 2 4 6 17 18 20 22 36 38 39 40 44 46 47 49 52 64 69 71 75 81 82 83 86 88 95 101 102 105 108 109 110 111 116 121 135 148 164 168 172 218 240 265 374
4 6 9 17 18 20 22 36 38 39 46 47 49 52 64 69 71 81 82 83 86 88 95 101 102 108 109 111 121 135 148 164 168 172 265 374 496 703
1 4 6 11 18 20 22 27 36 38 39 40 46 47 49 52 54 56 64 69 71 74 75 78 83 86 87 91 95 97 101 102 105 109 111 116 121 135 148 164 218 289 290 328 374
4 6 17 18 20 22 27 36 38 39 40 46 47 49 52 54 64 69 71 74 78 81 83 86 87 91 95 97 101 102 105 108 109 110 116 121 135 148 164 171 174 374 409 456
3 4 6 17 18 20 22 27 36 38 39 40 46 47 49 52 54 56 64 69 71 74 78 81 83 86 87 91 97 101 102 105 109 148 227 289
1 3 6 18 20 22 27 36 38 39 46 47 52 54 65 69 71 74 79 81 83 86 87 91 95 101 102 105 108 109 110 111 121 148 171 176 218 289 328
2 6 9 17 18 20 22 27 36 38 39 46 47 52 54 65 69 71 74 78 81 83 86 87 95 101 102 105 109 110 111 117 148
1 6 13 17 18 20 22 27 36 38 39 46 47 52 54 64 65 71 78 82 83 86 95 97 101 102 105 109 121 164 218
6 18 20 27 36 39 47 49 54 69 71 73 78 82 83 86 90 95 102 105 110 121 124 171 210 227
1 6 18 20 27 36 39 46 47 54 69 71 73 83 86 90 105 109 110 116 121 218
1 6 17 18 20 22 27 36 38 39 40 46 47 49 52 54 64 65 69 71 74 78 86 87 88 95 97 101 102 105 108 109 116 121 124 164 218 383 518
6 8 13 17 18 20 22 27 36 38 39 40 46 47 52 54 64 65 69 71 74 82 83 86 87 88 95 97 101 102 105 109 111 116 121 132 164 174 216 218 253
3 6 9 17 18 20 22 27 36 39 54 69 71 74 102 109 110 127 164 290
2 3 4 6 18 20 22 27 36 38 39 47 49 52 54 64 69 71 73 78 86 87 95 97 101 102 105 109 110 121 146 148 164 321 328
1 3 6 9 18 20 22 27 36 39 46 49 54 64 69 71 73 81 83 86 87 95 97 101 102 105 109 110 116 121 146 164 171 218 321
1 3 4 6 10 11 17 18 20 26 27 36 38 39 46 47 51 52 54 65 66 69 71 73 74 78 83 86 87 88 95 97 101 102 108 109 110 115 117 121 135 139 148 164 171 174 210 218 237 328
6 17 18 20 22 27 36 38 39 40 46 47 49 52 64 65 69 71 73 74 81 83 86 95 102 105 108 109 110 121 146 164 174 218
3 6 17 18 20 22 27 36 38 39 40 44 46 47 49 52 64 65 69 71 73 74 78 83 86 102 105 108 110 146 171 174 220
6 18 20 22 27 36 38 39 46 47 49 52 64 69 71 73 78 83 86 87 95 102 105 109 111 116 121 135 148 195 253
4 6 17 18 20 22 27 36 38 39 46 47 49 52 64 69 71 73 78 81 83 86 87 101 102 105 109 111 116 121 164 195 374
3 4 6 17 18 20 22 27 36 38 39 46 47 49 52 64 69 71 73 74 79 82 83 86 87 95 101 102 105 108 109 111 116 121 164 172 195 255
1 6 17 18 20 22 27 36 38 39 44 46 47 52 54 64 65 69 71 73 74 78 79 81 83 86 87 90 95 97 101 102 105 109 111 121 124 171 210 218 255 321
1 2 3 6 9 17 18 20 22 27 36 38 39 44 46 47 54 64 65 69 71 73 74 78 83 86 87 90 91 95 97 101 102 105 109 110 111 121 135 210 456
1 6 17 18 20 22 27 36 38 39 46 47 54 56 64 65 69 71 73 74 83 86 87 88 90 97 101 102 109 116 117 121 124 164 171 195
1 6 17 18 20 22 23 27 36 38 39 44 46 47 52 54 64 65 69 71 73 74 79 81 83 86 87 88 90 97 101 102 108 109 110 116 121 124 148 164 195 255 299
1 3 6 18 20 22 27 36 38 40 49 71 73 78 82 83 86 95 108 110 116 121 409
1 3 6 8 17 18 20 22 27 36 40 46 49 69 71 73 82 83 86 87 105 108 110 111 116 121
1 6 17 18 20 22 27 36 38 39 40 44 46 47 49 52 54 64 65 69 71 74 81 82 83 86 87 95 101 102 105 108 109 121 148 210
6 17 18 20 22 27 36 38 39 46 47 52 54 64 65 69 71 74 79 83 86 87 102 105 121 148 383
4 5 6 17 18 20 22 27 36 38 39 46 47 54 56 64 65 69 71 73 83 86 87 88 91 97 101 102 105 108 109 117 121 148 164 244
4 6 17 18 20 22 27 36 38 39 40 46 47 49 54 56 65 69 71 73 74 78 81 83 86 87 88 95 97 101 102 105 108 109 116 121 135 142 148 164 171 244 311
4 6 10 17 18 20 22 27 36 38 39 44 46 47 49 54 65 69 71 74 81 83 86 87 88 101 102 109 121 146 171
3 4 6 9 12 18 20 22 27 36 38 39 46 47 49 52 54 64 65 69 71 74 81 86 87 88 95 101 102 105 110 171 176
1 3 4 5 6 17 18 20 22 27 36 38 39 44 46 47 52 54 64 69 71 74 75 79 81 82 83 86 90 95 101 102 105 108 109 110 111 116 121 124 148 164 171 172 210 218 253 255 289 299
3 6 17 18 20 22 27 36 38 39 46 47 52 54 64 69 71 79 83 86 90 102 105 109 110 121 148 171 172 192 253
1 4 6 8 14 15 18 20 22 23 27 36 38 39 46 47 49 52 64 65 66 69 71 73 75 78 79 83 86 87 101 102 105 108 109 110 111 116 117 121 132 134 135 142 148 164 171 172 176 218 227 255 290 299 321 328 374 383 400 409 496
1 3 4 6 9 18 20 22 23 27 36 38 39 46 47 49 52 54 64 65 69 71 73 75 78 82 83 86 87 95 101 102 105 108 109 110 111 116 121 135 142 146 148 174 176 218 253 299 374 496
1 4 6 9 18 20 22 27 32 36 38 39 46 47 49 52 54 64 69 71 73 78 79 83 86 87 95 101 102 105 108 109 110 111 121 148 227 321
1 6 16 18 20 22 27 36 38 39 40 46 47 52 54 64 69 75 78 82 83 86 87 101 102 105 107 109 110 116 117 121 135 146 164 171 172 210 227 290 328 400 409 417
1 3 6 9 17 18 20 22 27 36 38 39 46 47 49 52 54 64 69 71 78 82 83 86 87 95 101 102 105 108 109 110 111 121 132 135 146 164 172 176 210 289 400 492
1 6 15 17 18 19 20 22 27 36 38 39 46 47 52 54 64 69 71 78 82 83 86 87 91 95 101 102 105 109 110 111 116 121 135 146 164 172 174 176 210 216 328 409
6 18 20 22 27 36 38 39 46 47 49 52 64 69 71 74 75 79 82 83 86 87 101 102 105 109 121 133 135 148 161 164
3 6 8 9 17 18 19 20 22 27 36 38 39 44 46 47 49 51 52 64 69 71 74 83 86 87 95 101 102 105 121 135 161 174 249
4 6 20 22 27 46 47 52 65 69 71 83 86 97
1 3 6 17 18 20 22 27 36 38 39 44 46 47 52 54 64 65 69 71 73 74 78 81 83 86 87 90 97 101 102 105 108 109 110 111 121 124 132 148 164 171 210 396 582
1 3 6 7 9 17 18 20 22 27 36 38 39 46 47 49 52 54 69 71 75 83 86 87 95 102 105 133 174 265 417
1 4 6 9 11 17 18 20 22 23 27 36 38 39 40 46 47 49 52 64 65 71 74 78 82 83 86 87 91 95 102 105 108 109 110 116 121 148 164 171 174 210 218 289 299 565
4 6 9 17 18 20 22 23 27 36 38 39 40 46 47 49 52 64 65 69 71 74 78 82 83 86 87 95 102 105 109 110 111 116 121 135 142 227 299 383
6 18 20 22 27 36 39 49 71 83 95 105 108 109 110 116 171 289 290
1 4 6 18 20 22 23 27 36 39 40 46 49 69 71 78 83 86 101 102 105 108 109 110 116 121 171 227 289 290
3 6 18 20 22 27 30 36 39 49 52 69 71 78 83 86 95 101 102 105 108 109 110 116 121 171 227 289
1 3 6 9 18 19 20 22 23 36 38 47 49 52 64 69 71 74 78 83 86 102 108 110 116 148 174 290
3 6 9 17 18 20 22 23 36 38 39 40 45 47 49 52 64 69 71 74 78 83 86 101 102 105 108 116 121 171 172
4 6 18 20 22 27 36 38 39 40 47 49 52 54 69 71 82 83 86 87 95 102 105 108 174 210
1 4 6 18 20 22 27 36 38 39 46 47 49 54 64 69 71 78 79 83 86 87 88 101 102 105 111 121 148 171 172 174 176 417 565
3 6 17 19 20 22 27 36 38 39 47 49 52 64 65 69 74 78 79 81 83 86 87 97 101 105 116 164
1 3 6 9 13 17 18 20 22 27 36 38 39 45 46 47 49 52 64 65 69 71 74 78 83 86 87 95 97 101 102 105 109 110 116 117 121 127 164 171 289 383
1 6 11 18 20 22 23 27 36 38 39 46 47 49 64 65 69 71 74 78 79 83 86 87 95 97 101 102 105 110 111 120 121 135 269 374
3 6 9 17 18 20 22 23 27 36 38 39 46 47 49 52 54 64 65 66 69 71 74 78 83 86 87 95 97 101 102 105 109 111 120 121 218 255 568
2 6 18 20 22 23 27 36 38 39 46 47 49 52 64 65 69 71 74 78 81 83 86 87 91 97 101 102 105 108 110 111 120 121 135 148 174 176 218 249 255
1 6 18 20 22 27 36 38 46 47 49 52 64 69 71 73 74 75 78 79 81 83 86 87 95 97 101 102 105 109 110 116 133 148 210 218 265 289 326 328 374
1 3 6 9 17 18 20 22 27 36 38 40 46 47 49 52 64 65 69 71 73 74 81 83 86 87 95 97 101 102 105 108 109 110 116 121 132 148 171 174 210 218 255 265
1 2 4 6 11 17 18 20 22 27 36 38 39 44 46 47 54 65 69 71 73 74 78 86 87 88 90 97 116 121 127 135 146 174 299 383
1 2 3 4 6 18 20 22 27 36 38 39 40 46 47 49 52 64 65 69 71 73 74 83 86 87 90 95 97 102 109 111 142 152 168 218 255 374
4 6 17 18 20 22 27 36 38 39 40 46 47 49 52 64 65 66 69 71 73 74 78 81 82 83 86 87 90 95 97 101 102 109 110 111 116 121 142 148 158 176 299
6 8 17 18 20 22 27 36 38 39 46 47 52 54 65 69 71 73 74 79 81 83 86 87 88 95 101 102 105 108 109 110 116 121 125 135 195 218 237 253 289 299
1 6 7 8 17 18 20 22 27 34 36 38 39 46 47 52 54 65 69 71 73 74 83 86 87 88 95 101 102 105 108 109 121 132 171 195 220 237
3 4 6 8 17 18 20 22 27 36 38 39 47 54 64 65 69 71 73 74 78 83 86 87 88 95 101 102 105 108 109 110 116 135 195 218 220 237 249 299
3 6 9 17 18 20 22 27 36 38 46 47 52 54 64 69 71 74 83 86 87 95 102 105 109 121 135 174
3 6 17 18 20 22 23 27 36 39 46 47 52 54 64 69 71 75 78 82 83 86 101 102 105 109 111 116 121 135 148 171 172 290
1 3 6 17 18 20 22 23 27 36 39 47 52 54 64 69 71 83 86 101 102 105 108 109 111 116 121 148 172 227
6 17 18 20 22 23 27 36 38 39 47 52 54 64 69 71 78 83 86 101 102 105 108 109 110 111 116 121 135 171 172 218 227 289 328
1 6 12 17 18 20 22 27 36 38 39 44 46 47 52 64 65 69 71 73 78 81 83 86 87 90 95 97 101 102 105 108 109 110 116 117 120 121 124 135 142 148 171 172 176 220 311 400 548 728
1 4 6 10 17 18 20 22 27 36 38 39 44 46 47 52 54 64 65 69 71 73 74 81 83 86 87 90 97 101 102 105 109 110 116 120 142 148 171 172 220 227 255 299 311 548
3 6 18 20 22 27 36 39 47 54 64 69 71 73 78 83 86 95 102 105 109 110
3 5 6 9 18 19 20 27 36 38 39 46 47 52 53 54 64 69 71 73 78 82 83 86 95 102 105 108 109 110 120 121 171 218
1 3 6 9 16 18 20 22 27 36 38 39 47 52 54 56 64 69 71 73 78 82 83 86 91 102 105 109 110 116 121 135 164 171 299
1 6 7 18 19 20 22 23 27 36 38 39 46 47 49 54 59 64 69 71 74 78 83 86 87 109 110 111 116 121 164 238
1 4 6 17 18 20 22 27 36 38 39 46 47 52 54 63 64 69 71 74 83 86 87 101 102 105 108 109 110 111 116 121 148 164 171 172 210 218 311 496 621
6 17 18 20 22 27 36 38 46 47 52 54 64 65 69 71 74 83 86 87 90 95 101 109 111 116 121 124 135 164 172 218 227
4 6 18 20 22 27 36 38 39 46 47 52 54 56 64 65 69 71 73 83 86 87 97 101 102 105 109 110 116 161
1 4 6 13 17 18 20 22 27 30 36 38 39 40 46 47 49 52 64 65 69 71 74 78 81 82 83 86 87 95 102 105 108 109 110 116 120 121 135 148 164 171 172 176 218 227 289 290 312 417
1 6 9 18 20 22 24 27 30 36 38 39 43 46 47 49 52 64 65 69 71 74 75 78 82 83 86 87 95 102 105 108 109 110 116 120 121 135 148 162 164 171 172 181 218 289 383
1 3 4 6 17 18 20 22 24 27 36 38 39 46 47 49 52 64 65 69 71 74 78 81 82 83 86 87 101 102 105 108 109 110 116 120 121 135 148 164 181 227 240 255 417
6 17 18 20 22 27 36 39 46 49 52 65 69 71 73 78 83 87 105 109 110 121
6 17 18 20 22 27 36 38 39 44 46 47 54 56 64 65 69 71 73 78 83 86 87 88 90 97 101 102 105 108 116 135 148 255
6 17 18 20 22 27 36 38 39 44 46 47 54 56 64 65 69 71 73 74 79 86 87 88 90 95 97 101 102 105 109 111 124 142 164 171 265 299
3 4 6 10 18 20 22 27 36 38 39 44 46 47 54 56 64 65 69 71 73 83 86 87 88 90 95 97 101 102 105 108 109 110 142 148 174 265
2 3 6 17 18 20 22 27 36 38 39 46 47 49 52 54 64 65 69 71 73 74 79 83 86 87 88 90 95 97 101 102 105 108 109 121 124 148 171 172 174 210 220 255 325 582
1 3 6 18 20 22 27 32 36 38 39 46 47 52 54 64 69 71 74 79 83 86 90 91 95 97 101 102 105 108 109 111 121 124 148 174 210
1 3 6 9 18 19 20 22 27 36 38 39 46 47 49 52 54 64 65 69 71 74 75 81 83 86 90 91 95 97 101 102 105 108 110 111 116 148 172 174 210 496
1 6 17 18 20 22 23 27 36 38 39 44 46 47 49 64 65 69 71 74 75 78 82 83 87 97 101 102 105 108 111 148 172
1 3 6 9 13 18 20 22 27 36 38 39 46 47 52 54 64 65 69 71 74 78 81 82 83 86 87 97 101 102 105 107 108 109 110 111 116 121 148 164 172 174 218 238 263
1 3 4 6 9 17 18 19 20 22 23 27 36 38 39 44 46 47 52 54 64 69 71 74 78 81 83 85 86 87 95 97 101 102 105 108 109 110 116 127 148 164 181 210 227
6 17 18 20 22 27 36 38 39 40 46 47 49 52 54 64 65 69 71 74 75 79 81 83 86 87 90 101 102 105 109 111 120 148 172 218 311
6 17 18 20 22 27 36 38 39 46 47 52 54 64 65 69 71 83 86 87 90 91 101 102 105 108 109 110 121 172 311
6 11 13 18 20 22 27 36 38 39 44 46 47 49 52 64 65 69 71 74 78 79 82 83 86 87 91 95 97 101 102 105 108 109 111 116 121 134 135 148 164 171 172 492
1 3 4 6 11 13 18 20 22 27 30 36 38 39 46 47 49 52 64 65 69 71 74 78 79 83 86 95 97 101 102 105 108 109 110 111 116 121 135 148 164 171 172 174 190 210 374 496
6 17 18 19 20 22 36 38 39 46 47 52 54 69 71 83 86 87 101 102 110 132 135 171 210
4 6 18 20 22 36 38 46 47 52 54 64 69 71 82 83 86 87 95 101 102 105 108 110 116 121 135 148 210 289
1 3 6 9 12 17 18 19 20 22 27 36 38 39 40 46 47 48 49 52 54 64 69 71 78 79 82 83 86 95 97 101 102 105 107 108 110 111 121 124 132 135 148 164 174 181 210 253 290 374
1 3 4 6 9 17 18 20 22 27 36 38 39 40 46 47 48 49 52 54 64 69 71 78 79 83 86 95 97 101 102 105 109 110 111 117 121 124 148 156 171 172 174 178 210 249 253 400 492
3 6 18 20 22 27 36 38 39 46 47 54 64 65 69 71 73 74 83 86 87 97 101 102 108 110 121 161 289
1 3 6 17 18 20 22 27 36 38 39 46 47 52 54 65 69 71 73 74 83 86 87 95 97 101 102 105 108 109 110 117 121 135 148 161 172 176 374
6 8 17 18 20 22 27 36 39 47 52 54 69 71 74 82 83 86 87 101 102 108 109 110 121 132 135 146 171 218 237 409
1 2 3 6 8 18 20 22 27 36 38 39 46 47 52 54 69 71 74 78 82 83 86 87 95 102 109 110 121 132 135 174 210 218
1 3 6 18 20 22 27 36 39 47 54 69 71 73 74 75 81 82 83 86 87 102 109 110 133 135 218
1 4 6 18 20 22 27 36 38 47 49 52 54 55 64 69 71 73 74 82 83 86 87 91 95 101 102 105 108 109 110 111 117 121 135 171 172 216
6 9 17 18 20 22 27 36 38 46 47 52 54 64 69 71 74 81 82 83 86 87 101 102 105 108 109 110 116 121 135 148 171 172 210 258 374
1 6 18 20 22 27 36 38 47 52 54 64 66 69 71 74 75 83 86 101 102 105 108 172
3 6 9 18 20 27 36 38 46 47 52 54 69 71 74 81 83 86 95 101 102 108 109 121 164 174
6 18 20 22 23 27 36 38 39 46 47 52 54 64 69 71 79 81 83 86 87 97 101 102 105 108 116 121 148 164 171
1 6 18 20 22 23 27 32 36 38 39 42 46 47 54 64 69 71 75 82 83 86 87 95 97 101 102 105 108 109 110 116 121 142 148 164 171 220 289 374
6 17 18 20 27 36 38 39 54 65 71 81 83 86 87 102 105 109 121 148
6 17 18 20 22 23 27 36 38 39 49 52 54 65 66 69 71 81 83 86 87 101 102 105 108 109 110 116 121 146 164 171 227 237 290
6 17 18 20 22 23 27 36 38 39 46 49 52 54 65 71 83 86 87 101 102 109 110 116 121 146 148
1 6 18 20 22 27 36 38 39 46 47 49 52 54 64 65 69 71 74 79 81 82 83 86 87 91 95 97 101 102 105 108 109 110 116 121 148 172 210 265 289
2 6 16 17 18 20 22 27 36 38 39 46 47 52 54 64 65 69 71 74 79 83 86 87 91 95 97 101 102 105 108 109 110 116 121 135 148 164 171 172 255 265 409
6 18 20 22 27 36 38 39 46 47 52 54 64 65 69 71 74 83 86 87 95 101 102 105 108 109 116 121 148 171 433
6 18 20 22 27 36 38 46 47 54 69 71 74 83 86 87 101 102 105 109 110 117 172
6 17 18 20 22 23 27 36 38 47 52 54 69 71 74 83 86 87 97 101 102 105 109 110 121 146 148 328
1 4 6 18 20 22 27 36 47 54 69 71 83 86 87 97 101 102 109 110 121
6 9 18 20 22 36 49 73 82 83 86 105 108 109 110 116 124 227 289 290 596
6 18 20 22 36 40 46 47 49 69 71 73 83 86 95 105 108 109 110 124 227 249 290
6 17 18 20 22 27 36 38 39 40 44 46 47 49 52 54 65 69 71 74 79 81 83 86 87 95 97 101 108 109 110 121 148 164 172
4 6 18 20 22 27 36 39 47 52 54 64 65 69 71 73 74 81 83 86 87 97 101 102 105 108 109 121 171 328
6 17 18 20 22 27 36 39 47 54 64 65 71 73 86 87 97 105 109 110 121
4 6 17 18 20 22 27 36 47 49 71 74 83 86 87 101 109 110 116 146 161 290
1 4 6 18 20 27 36 38 46 47 49 71 74 81 83 86 87 102 109 110 116 135 146 161
1 4 6 8 9 18 20 22 27 36 38 39 44 47 49 52 64 69 71 73 75 82 83 85 86 87 88 91 101 102 109 110 116 117 133 135 148 161 171 210 228 265
4 6 8 9 13 17 18 20 22 27 36 38 39 46 47 49 52 64 69 71 73 86 88 101 102 109 117 161 265
3 6 17 18 20 22 27 36 38 39 46 47 54 64 65 69 71 74 81 83 86 87 90 101 102 105 108 109 110 120 121 124 135 148
1 6 7 8 17 18 19 20 22 23 27 36 38 39 44 46 47 52 54 64 65 69 71 74 79 81 83 86 87 90 101 102 105 108 109 110 121 124 135 148 164 171 172 174 253
6 8 18 20 27 36 39 46 54 69 71 74 75 82 83 86 108 110 124 133 135 164 174 240 253
1 4 6 9 18 20 27 36 37 39 54 71 74 81 82 86 109 146
2 6 8 17 18 20 27 36 39 41 46 54 69 74 81 83 86 101 108 109 110 116 124 135 146 164 240 289
3 6 9 18 20 22 27 36 38 39 47 49 52 69 71 73 83 86 95 105 135 210
3 4 6 18 20 22 23 27 36 39 46 47 49 52 69 71 73 74 75 82 83 86 101 105 108 109 110 121 135 171 180 328
3 6 17 18 20 22 27 36 39 46 47 49 52 64 69 71 73 74 83 86 95 101 105 121
1 4 6 18 20 22 27 36 38 39 40 43 44 46 47 52 53 54 56 64 65 66 69 71 75 81 83 86 87 88 91 97 101 102 108 109 110 116 117 121 127 135 146 148 149 164 171 174 176 210 240 255 265 728
1 3 4 6 17 18 20 22 27 36 38 39 44 46 47 52 54 56 64 65 69 71 79 83 86 87 88 97 101 102 106 108 109 110 116 117 121 127 135 146 148 149 164 172 210 218 220 240 255 265 325 409
4 6 16 17 18 20 22 27 36 38 39 44 46 47 52 54 64 65 69 71 79 83 86 88 97 101 102 116 121 127 135 146 148 164 240 255 409 492
6 17 18 20 22 27 36 38 39 44 46 47 54 64 65 69 71 74 79 83 87 95 101 102 108 109 110 120 121 148 168 174 456 496
1 6 18 20 22 27 36 38 39 40 44 46 47 52 54 64 65 66 69 71 74 77 79 81 83 86 87 95 97 101 102 105 108 109 110 121 135 148 164 168 172 174 210 253 255 433
6 17 18 20 22 27 36 38 39 44 46 47 52 64 65 69 71 74 83 86 87 97 101 102 108 109 110 117 121 148 164 172 176 325 456
4 6 18 20 22 24 27 36 38 47 49 52 64 69 71 83 86 95 101 102 105 109 110 117 121 135 148 164 172 328
1 6 9 11 18 20 22 27 36 38 39 46 47 49 56 64 65 69 71 74 81 83 86 87 88 95 97 101 102 105 116 117 121 135 148 164 172 174 176 210 265 328
6 18 20 22 27 36 38 39 46 47 49 54 56 64 65 69 71 74 81 83 87 88 90 97 110 148 176
1 6 9 18 20 22 27 36 38 39 40 47 49 64 69 71 74 83 86 87 101 102 109 121 146 164 197 227
3 6 18 20 22 27 36 38 39 47 49 51 52 69 71 74 81 83 86 87 95 101 109 110
1 6 18 20 22 27 32 36 38 47 49 52 64 69 71 82 83 86 95 101 102 108 109 110 121 148 176 227 321
6 18 20 22 27 36 47 49 64 69 71 83 86 101 102 105 110 121 148 321
1 4 6 18 20 22 27 36 38 39 43 46 47 52 53 54 56 64 65 71 73 83 86 87 90 97 101 102 105 108 109 110 111 124 135 148 164 218 328 374
1 4 6 17 18 20 22 27 36 38 39 46 47 54 64 69 71 74 82 83 86 87 97 101 102 105 108 110 116 121 148 171 172 227 255 518
1 6 18 19 20 22 27 36 39 46 52 54 65 69 71 73 74 83 86 87 90 91 102 108 109 117 121 135 227 289 729
1 6 18 20 22 23 27 36 39 40 46 54 65 69 71 73 74 82 83 86 87 90 102 105 108 109 110 121 124 164
4 6 8 18 20 22 27 36 39 46 47 54 64 65 66 71 74 79 83 86 87 97 102 105 109 110 120 121 133 148
4 10 12
6 18 20 22 27 36 47 49 52 64 69 71 73 86 87 95 101 102 105 108 109 110 116 164 174 290 596
6 17 18 20 22 36 47 52 69 73 81 95 101 102 105 108 110 238
1 4 6 17 18 20 22 23 24 27 36 38 39 46 47 49 52 64 69 71 82 83 86 87 91 95 101 102 105 108 109 110 121 148 171 172 176 227 321 328
6 17 18 20 22 23 27 31 36 46 47 49 52 64 69 71 83 86 87 95 101 102 108 109 110 121 148 227 289 321
1 3 5 6 7 17 18 20 27 36 38 47 49 52 64 69 71 73 86 88 95 101 102 108 110 121 174 210 289
6 18 20 22 27 36 38 39 40 47 49 52 64 69 71 83 86 91 95 102 109 110 111 120 127 148 164 172 220
1 6 9 17 18 20 22 27 36 38 39 40 46 47 49 52 53 64 69 78 83 86 91 95 101 102 105 120 121 127 148 164 172 174 289 417
4 6 18 20 22 27 36 38 39 46 47 52 54 64 65 69 71 73 75 81 83 86 87 88 95 97 101 102 108 110 116 121 142 146 164 172 220 227
6 18 20 22 27 36 38 39 47 52 54 65 69 71 73 87 88 97 109 146 148 172 220
6 17 18 20 22 27 36 38 39 46 47 52 54 64 65 69 71 73 74 81 82 83 86 87 97 101 102 108 109 110 111 142 146 148 171 172 176 220 227
6 18 20 22 27 36 38 44 46 47 49 52 54 64 69 71 74 83 86 87 95 101 102 148 289
6 17 18 20 22 27 36 38 44 46 47 52 54 64 69 71 74 79 83 86 87 101 102 105 117 135 148 172
1 3 4 6 7 9 14 18 20 21 22 23 30 36 38 45 46 47 49 52 54 64 69 71 75 78 83 86 95 101 102 105 108 109 110 111 116 121 124 135 146 148 171 172 218 227 249 253 289
1 4 6 8 18 20 22 36 46 47 49 64 69 71 73 83 86 95 101 109 110 116 146
6 8 10 18 20 36 52 69 71 73 83 86 105 108 109 116 121 146
9
1 3 4 6 9 11 18 20 22 27 36 52 54 55 69 71 73 78 83 86 87 101 102 105 108 109 110 116 121 127 132 135 148 164 171 253 328
1 4 6 14 17 18 20 27 36 54 69 71 73 86 87 102 105 109 110 127 135 172
6 17 18 20 22 27 36 38 39 46 47 52 64 69 71 74 83 86 87 101 102 105 110 111 134 328
1 3 4 6 9 14 17 18 20 22 24 27 36 38 39 43 46 47 49 52 55 64 69 71 78 81 82 83 86 101 102 105 108 109 110 116 121 135 148 164 216 219 289 290 328 400
1 4 5 6 13 17 18 20 22 27 36 38 39 40 47 49 52 54 65 69 71 73 74 78 81 82 83 86 87 97 101 102 105 108 109 110 111 121 127 146 158 164 210 227 289
6 18 20 22 27 36 38 39 46 47 52 54 65 69 71 73 74 81 83 86 87 97 101 102 105 108 109 110 121 127 135 146 164 227 409
4 6 17 18 20 27 36 38 39 46 47 54 65 69 71 73 81 83 86 87 101 102 105 106 108 109 116 121 127 146
1 6 18 20 22 27 36 38 39 40 46 47 52 54 64 65 69 71 74 83 86 87 97 101 102 105 108 109 121 146 164 171
3 6 9 18 20 22 27 36 38 39 44 46 47 49 52 54 64 65 69 71 74 78 83 86 87 91 95 97 101 102 105 108 110 121 135 146 148 164 171 174 210 253 289
6 9 17 18 20 22 27 36 38 39 47 52 56 64 65 69 71 83 86 87 90 97 102 124 164
6 18 20 22 27 36 38 39 47 49 52 56 64 65 69 71 83 86 87 90 97 102 109 121 124 135 148 164 172 328
4 6 9 18 20 36 38 47 49 52 71 82 86 102 109 110
3 6 9 18 20 22 36 38 47 49 64 69 71 83 86 102 105 109 110 116 171
1 3 4 6 8 9 10 11 15 17 18 19 20 22 26 27 30 32 36 38 40 41 46 47 49 52 56 71 78 79 82 83 86 102 105 106 108 109 110 116 121 135 164 171 218 253 290
1 4 6 18 20 22 27 36 38 39 46 47 54 64 65 69 71 83 86 87 101 102 105 109 110 121 135 148 171 172 289 328
4 6 17 18 20 22 27 36 39 44 46 47 52 54 64 65 69 71 83 86 87 101 102 105 109 110 121 148 172 289
1 4 5 6 9 17 18 20 22 36 38 39 40 47 49 64 69 78 82 83 86 95 101 105 108 109 110 116 120 121 132 135 164 171 258 289 290 299 492
4 6 17 18 20 22 36 39 40 47 49 64 69 78 82 83 86 101 105 108 109 110 116 120 121 135 164 171 258 289 290 299 492
1 3 6 18 20 27 36 38 39 47 49 52 69 71 73 86 101 102 105 109 110 121 135 164 171 195
3 6 9 18 20 27 36 39 47 52 64 71 73 83 86 101 135 195 253
1 4 6 9 13 18 20 22 27 36 38 39 46 47 49 52 64 65 69 71 73 74 78 79 82 83 86 87 90 95 97 101 102 105 109 110 111 116 121 135 148 164 172 218 227 289
4 6 18 20 22 27 36 38 39 47 49 52 64 65 69 71 73 74 78 83 87 90 97 101 102 105 108 109 110 117 171 172 174 228 496
1 4 6 11 13 17 18 20 22 27 36 38 39 46 47 49 52 64 65 69 71 73 74 78 79 83 86 87 90 95 97 101 102 105 109 110 111 121 124 171 172 176 218 228 328
1 6 8 11 18 19 20 22 27 32 36 38 39 46 47 49 52 64 65 69 71 74 81 82 83 86 87 95 97 101 102 109 110 116 120 135 176 210 289
1 6 18 20 22 27 36 38 46 47 52 64 65 66 69 71 74 82 83 87 95 97 102 105 164
3 6 8 9 17 18 20 36 39 47 49 52 66 71 74 82 86 95 101 102 105 108 116 121 174 210 237
3 6 17 18 20 36 47 52 71 74 81 86 101 102 105 121
3 6 17 18 20 22 27 36 47 52 71 74 83 86 101 102 105 109 121
3 4 6 10 14 17 18 20 22 27 36 38 39 46 49 71 73 83 86 105 108 109 110 121 171 253
1 4 6 8 9 14 17 18 20 22 27 36 38 39 46 49 52 64 69 71 73 75 76 82 83 86 102 105 108 109 110 116 121 164 171 290
6 14 15 17 18 20 27 36 38 39 47 54 69 71 74 81 83 109 110 121 135 148 164
1 6 18 20 22 27 36 38 39 47 54 69 71 74 83 86 105 108 109 110 111 116 121 135 148 164 171 172 227 253
4 6 17 18 20 22 27 36 38 39 46 47 49 52 64 65 69 71 73 74 78 79 86 87 88 95 101 102 108 110 116 135 142 148 161 164 176 240 265 409
1 4 6 13 17 18 20 22 27 36 38 39 40 47 49 52 64 65 69 71 73 74 78 79 83 85 86 87 88 95 101 102 105 108 109 110 116 117 121 135 142 148 161 171 240 253 290 374 409
1 6 18 20 22 27 36 38 39 46 47 49 52 64 65 69 71 74 83 86 87 91 101 105 109 116 121 172 328
1 6 18 19 20 22 27 36 38 39 46 47 49 52 64 65 69 71 74 83 86 87 101 102 110 116 135 148 171 172 290
1 4 6 18 20 22 27 36 38 39 44 46 47 52 54 62 64 65 69 71 74 78 79 82 83 86 87 90 95 97 101 102 105 108 109 110 111 121 135 142 148 171 176 181 210 255 290 299
1 5 6 17 18 20 22 27 36 38 39 40 46 47 52 54 64 65 69 71 74 78 79 81 83 86 87 90 91 95 97 101 102 105 108 109 110 111 135 142 148 171 174 176 210 218 220 255 290 409
4 6 18 20 22 27 36 38 46 47 49 52 64 65 69 71 83 86 95 101 102 105 109 164 172 174 197
3 4 6 9 17 18 20 22 27 36 38 46 47 49 52 56 64 65 69 71 79 81 83 86 87 95 101 102 105 109 110 121 148 171 172 174 197
3 4 6 17 18 20 22 27 36 38 46 47 49 52 56 64 65 66 69 71 79 81 83 86 95 101 102 105 108 121 172 228
6 8 17 18 20 22 27 36 38 39 40 44 46 47 52 56 64 65 69 71 73 74 78 79 81 83 86 87 88 90 95 97 101 102 105 108 109 110 116 135 148 156 168 171 174 220 255 433 435 621
3 6 8 9 17 18 20 22 27 36 38 39 40 46 47 56 65 69 71 73 75 81 86 87 88 97 101 102 105 108 109 110 116 133 134 174 220
1 4 6 8 10 17 18 20 22 27 31 36 38 39 40 44 46 47 52 54 56 64 65 69 71 73 74 81 82 83 86 87 88 90 95 97 101 102 105 108 109 110 116 135 148 168 172 210 220 237 255 289 417
1 4 6 8 17 18 20 22 24 36 38 40 48 49 53 54 55 69 71 82 83 86 95 101 102 105 108 109 110 111 121 164 253 289
6 18 20 36 38 54 69 71 82 83 86 91 95 101 102 108 109 110 116 121 171 253
1 3 4 6 9 11 17 18 20 22 27 36 38 39 46 47 49 52 64 69 71 73 75 82 83 86 87 95 101 102 105 108 109 110 120 127 135 146 181 290
1 3 4 6 9 17 18 20 22 23 27 36 38 39 44 46 47 49 52 54 56 64 69 71 73 78 82 83 86 87 95 102 105 109 110 120 121 135 146 148 168 218 325
1 4 6 7 9 10 11 17 18 20 21 22 23 27 36 38 39 46 47 49 52 54 64 69 71 73 78 83 86 87 91 95 101 102 105 109 110 120 121 135 146 148 168 210 218 328
1 6 17 18 20 22 27 36 38 39 46 47 49 52 64 69 71 74 81 83 86 87 97 101 102 105 109 110 117 134 164
1 4 6 8 11 13 14 17 18 19 20 22 27 30 36 38 39 46 47 49 52 64 69 71 73 74 78 81 83 86 87 95 101 102 108 109 110 133 135 148 171 181 218 227 240 255 383
1 3 4 6 18 20 22 27 36 39 46 47 49 52 64 69 71 73 74 78 83 86 87 95 101 102 105 109 110 135 148 181 255 289
6 16 18 20 27 36 38 39 46 54 65 69 71 73 83 86 87 95 97 105 108 109 110 121 124 174 253 290
6 9 18 20 46 47 65 71 73 83 87 97 108 110 116 164
6 17 18 20 22 27 36 39 40 46 47 54 65 71 73 83 86 87 97 101 102 109 110 121
3 6 8 18 20 36 38 47 49 52 64 69 71 74 82 83 86 95 102 109 117 121 164
4 6 17 18 20 22 36 38 47 48 49 52 64 69 71 74 83 86 102 109 110 148
6 17 18 20 22 23 27 36 38 39 46 47 54 65 69 71 73 74 83 86 87 97 101 102 105 108 109 110 116 121 124 135 141 148 164 171 197 290
1 4 6 8 11 17 18 20 22 23 27 36 38 39 46 47 52 54 65 69 71 73 81 83 86 87 95 97 101 102 105 108 109 110 116 121 124 164 253
6 7 17 18 20 22 23 27 36 38 39 46 47 49 52 64 65 69 71 73 74 81 82 83 86 87 101 102 120 121 146 148 190
4 6 18 20 22 23 27 36 38 39 46 47 52 64 65 69 71 73 81 83 86 87 105 109 110 120 148
6 18 20 22 27 36 38 39 46 47 49 52 64 65 69 71 73 81 83 86 87 91 95 101 105 109 121 127 148
4 6 17 18 20 22 27 36 38 39 44 46 47 52 54 64 65 66 69 71 74 79 81 83 86 87 95 101 102 105 108 111 116 121 148 164 171 210 325
1 3 4 7 8 9 10 11 13 14 15 16 17 18 19 21 22 23 26 27 28 31 32 33 37 38 40 42 44 47 48 49 50 53 56 59 63 68 72 79 85 91 125 126 128 138 139 151 263
4 6 18 20 22 27 36 38 39 46 47 54 65 69 71 73 83 86 87 88 95 97 101 102 105 108 116 121 135 148 176 210 240 374 417
6 17 18 20 22 27 36 47 52 64 69 71 73 75 83 86 101 102 105 108 116 135 171
1 3 6 17 18 20 27 36 46 47 49 64 69 71 73 74 81 86 95 105 108 110 121 124 127 135 174 210
1 3 6 18 20 22 27 36 38 39 47 49 52 54 64 69 71 73 74 78 82 83 86 91 97 102 108 109 110 111 116 117 121 133 135 160 164 218 255 289 435
6 11 17 18 20 22 27 36 38 39 40 46 47 48 49 52 54 64 69 71 73 74 78 82 83 86 97 102 108 110 116 127 135 148 164 218 255 289 435
1 4 6 17 18 20 22 23 27 36 38 39 47 48 54 64 65 69 71 74 83 86 87 95 97 101 102 105 108 109 117 121 135 148 374
6 18 20 22 23 27 36 38 39 46 47 52 54 64 65 69 71 74 83 86 91 97 101 102 105 109 121
6 17 18 20 22 23 27 36 38 39 47 52 54 64 65 69 71 74 82 86 87 88 97 101 102 105 108 109 110 117 121 135 171 328
3 4 6 8 10 17 18 20 22 27 36 38 44 46 47 54 64 69 71 74 81 82 83 86 87 102 105 108 109 110 116 121 148 164 171 172 220 253 299
1 5 6 7 17 18 20 22 27 36 38 44 46 47 54 64 69 71 74 83 86 87 102 108 109 110 111 374
1 3 6 16 17 18 20 22 27 36 38 44 46 47 54 64 65 66 69 71 74 81 83 86 87 91 102 105 109 110 121 148 164 172
3 6 9 18 20 23 36 49 71 75 82 83 86 102 105 108 109 110 116 121 133 146 172 596 730
6 18 20 22 23 36 46 69 75 83 102 110 121 146
1 6 18 20 22 27 36 38 39 47 49 52 64 65 69 71 74 75 82 83 86 87 101 102 105 108 109 110 121 132 135 148 171 172 180
1 4 6 8 13 18 20 22 27 30 36 38 39 46 47 49 52 65 66 69 71 74 82 83 86 87 95 101 102 105 108 109 110 116 121 132 135 171 172 227 289 290
1 3 4 6 18 20 22 27 36 38 39 46 47 64 65 69 71 73 81 83 86 87 88 95 101 102 105 116 121 148 161 210
3 4 6 17 18 19 20 22 27 36 38 39 47 49 64 65 69 71 73 78 79 83 86 87 88 91 95 101 102 158 161 253
1 3 6 8 9 11 13 14 17 18 20 22 23 27 36 38 39 42 44 47 49 51 52 54 64 69 71 73 78 79 82 83 85 86 87 95 101 102 105 109 110 111 116 121 135 148 171 172 174 210 218 221 400 496 501
3 6 18 20 22 27 36 38 39 46 47 49 52 54 64 69 71 73 83 86 87 95 101 105 110 111 148 409
1 6 17 18 20 22 27 36 38 39 46 47 49 52 54 64 69 71 73 79 83 85 86 87 95 101 102 108 109 110 111 135 148 164 171 218 227 249 253
6 18 20 27 36 38 47 49 65 69 71 83 86 105 109 116 168 374
1 3 6 18 20 22 26 27 36 38 39 47 49 64 65 69 71 82 83 86 97 101 105 108 109 121 148 328 374
3 4 6 17 18 20 22 27 36 38 39 47 54 64 69 71 83 87 90 101 109 121 135 148 253 729
6 13 15 18 20 22 27 36 38 39 46 47 54 64 71 83 86 87 102 105 110 128 135
1 6 18 20 22 27 36 38 46 47 52 54 64 65 69 71 74 83 86 87 95 97 101 102 105 108 109 110 121 135 142 148 172 176 210 227
1 3 6 11 16 17 18 19 20 22 24 27 29 33 36 38 46 47 52 54 64 65 69 71 74 75 83 86 97 101 102 105 109 116 121 135 148 227
6 18 20 22 27 36 38 39 46 47 49 52 64 69 71 73 83 86 101 110
6 18 20 22 27 36 38 39 47 49 52 64 65 69 71 83 86 87 102 108 109 110 148 417
6 17 18 20 22 27 36 38 39 46 47 49 52 64 65 69 71 73 83 86 87 95 101 102 105 109 121 148 210 409
1 6 18 20 22 27 36 47 52 54 64 69 71 74 83 86 87 101 102 105 108 109 110 121 171
1 4 6 13 14 18 20 22 27 36 38 44 46 47 52 54 64 69 71 74 78 83 86 87 102 105 108 109 110 111 116 121 148 164 171 172 289 290
4 6 9 18 20 35 36 39 66 69 71 74 86 95 97 102 108 110 116 227 290
1 6 9 17 18 20 36 39 69 71 74 75 78 82 83 86 95 105 108 110 111 174 249 730
2 5 6 7 10 16 20 23 27 38 39 47 54 62 65 71 72 73 75 80 83 88 97 110 126 129 142 153 171
1 3 4 6 7 10 11 13 16 17 18 19 20 27 30 36 38 39 42 44 47 54 65 69 71 73 74 78 83 86 87 88 97 102 105 108 109 110 148 210 218 290 400
4 6 18 20 22 27 36 39 44 46 47 52 54 64 65 69 71 74 83 86 87 101 102 105 108 110 135 148
1 4 6 17 18 20 22 27 36 38 39 44 46 47 52 54 64 65 69 71 74 83 86 87 101 102 105 108 109 110 135 148
1 3 4 6 18 20 22 27 36 38 39 44 46 47 52 54 64 65 69 71 74 81 83 86 87 102 105 110 172
6 17 18 20 22 27 36 38 39 47 52 54 64 69 83 86 91 101 102 109 110 172
6 18 20 27 36 38 39 47 54 64 69 71 86 101 102 105 108 109 110 121
1 6 9 18 20 22 27 36 38 39 47 49 64 69 71 73 74 79 83 86 87 88 97 101 102 109 135 142
1 3 4 6 9 10 17 18 20 22 27 36 38 39 40 46 47 49 52 64 69 71 73 79 83 86 87 88 95 97 101 102 109 110 117 135 148 164 172 174 176 210 496
1 4 6 9 11 13 17 18 19 20 22 27 36 38 39 44 46 47 49 52 64 69 71 74 78 81 83 86 87 91 101 102 105 109 110 116 121 132 148 174 265 325 328 406
1 3 6 9 10 13 17 18 20 22 26 27 30 36 38 39 46 47 49 52 64 69 71 74 78 79 81 83 85 86 87 95 101 102 105 109 110 116 121 133 135 148 174 400
4 6 9 13 17 18 19 20 22 27 36 38 39 46 47 49 52 64 69 71 74 79 81 83 86 87 101 102 105 109 110 116 121 135 148 265 433
3 6 17 18 20 22 23 27 36 38 39 46 47 49 52 54 64 69 71 74 82 83 86 87 95 101 102 105 109 110 117 121 135 142 148 435
1 2 3 4 6 7 8 9 10 11 13 14 15 16 17 18 19 21 22 23 26 28 31 32 33 37 38 44 47 48 50 53 59 68 70 76 77 80 89 112 125 151
1 6 17 18 20 22 27 36 38 39 47 49 54 64 65 69 71 74 81 83 86 87 101 102 105 109 110 116 121 135 148 164
1 6 18 20 27 36 38 39 44 46 47 49 54 69 71 74 81 83 86 87 101 102 108 109 164
1 3 4 6 8 9 10 11 13 15 18 20 22 27 30 36 38 39 46 47 52 64 69 71 74 83 86 87 102 105 109
1 4 6 10 13 17 18 20 22 23 27 36 38 39 46 47 52 54 64 69 71 81 82 83 86 95 97 101 102 105 108 109 110 116 121 148 164 171 172 289 290 518
1 3 4 6 13 18 19 20 22 23 27 32 36 38 39 46 47 52 54 64 69 71 81 82 83 86 97 101 102 109 110 116 121 124 148 164 171 176
4 6 11 18 20 22 27 36 38 39 43 46 47 52 53 54 64 65 69 71 74 82 83 86 87 95 97 101 102 105 108 109 116 117 164 219 289 312
4 6 17 18 20 22 27 31 36 39 47 52 54 64 65 69 71 74 83 86 87 97 101 102 105 108 109 110 117 121 124
1 4 6 13 17 18 20 22 27 36 38 39 46 47 52 54 64 65 69 71 74 83 86 87 95 97 102 108 109 110 111 116 121 148 164 172 227 289 312 435
6 18 20 22 26 27 36 38 46 47 52 54 64 65 69 71 83 86 101 102 105 108 109 110 111 116 121 171
6 17 18 20 22 27 36 38 46 47 54 64 65 69 71 83 86 101 102 105 109 110 121 148 174
6 17 18 20 22 27 32 36 38 39 40 46 47 54 65 71 83 86 102 108 109 121
1 6 8 18 20 22 27 36 38 39 46 47 52 54 64 69 71 74 83 86 87 90 101 102 105 108 109 110 111 121 148 171 218 333
1 4 6 17 18 20 22 27 36 38 39 46 47 52 54 64 65 69 71 83 86 91 97 101 102 105 108 110 111 117 121 134 135 148 171 176 210 311 400 417
1 3 4 6 9 12 17 18 20 22 23 27 36 38 39 46 47 49 52 54 62 64 65 69 71 73 82 83 86 95 97 101 102 105 108 109 110 121 133 134 148 164 210 290
1 3 4 6 9 10 13 15 16 17 18 20 21 22 23 27 33 36 37 38 39 46 47 52 54 64 65 69 71 82 83 86 91 97 101 102 105 108 109 110 111 121 135 148 164 172 176 311
6 17 18 20 22 27 36 38 39 46 47 52 54 64 65 69 71 73 74 78 81 83 86 87 97 101 102 105 108 109 110 117 121 135 146 218
5 6 13 17 18 20 22 27 36 38 39 44 46 47 52 54 64 65 69 71 73 74 81 83 86 87 97 102 105 108 109 110 111 117 121 142 146 148 171 218 289 299 400
3 4 6 8 14 17 18 19 20 22 23 27 36 38 39 40 47 52 54 56 65 69 71 74 75 78 83 86 87 97 101 102 108 109 110 116 127 135 148 164 171 176 218 255 289 374
4 6 17 18 20 27 36 38 39 40 47 52 54 56 65 69 71 74 83 86 87 97 102 110 127 164 383
1 4 6 18 19 20 22 23 27 36 38 39 40 46 47 52 54 56 61 64 65 69 71 74 78 83 86 87 97 101 102 105 108 109 116 121 127 135 148 164 171 210 218 253 255 383 409
1 2 3 4 5 6 7 8 10 11 12 18 20 22 27 29 34 36 38 39 46 47 54 58 64 65 69 73 75 79 83 86 87 89 90 97 109 116 121 131 164 209
1 3 4 6 8 9 10 11 15 16 17 18 19 20 21 22 23 26 27 28 30 32 36 38 39 40 41 44 46 47 49 52 54 56 64 65 69 71 73 74 78 79 83 86 87 90 97 101 102 105 109 110 116 117 121 135 148 164 271 299 374 428 518
1 3 4 6 8 9 10 13 14 16 17 18 19 20 22 27 30 33 36 38 39 41 46 47 49 52 54 64 65 69 71 73 75 78 79 82 83 86 87 90 97 101 102 105 108 109 110 117 135 148 171 172 174 184 271 417 591
6 17 18 20 22 27 36 39 46 49 52 69 71 81 83 86 87 102 109
4 6 11 17 18 20 22 27 36 38 46 49 52 69 71 81 83 86 87 105 108 109 121 289
4 6 13 17 18 20 22 26 27 36 39 49 52 69 71 81 83 86 87 102 105 108 109 110 116 121 135 265
1 4 6 9 13 14 15 18 20 22 23 27 36 38 39 44 46 47 49 52 54 64 65 69 71 73 78 79 83 84 86 87 91 97 101 102 105 108 109 110 117 120 121 134 135 142 148 171 172 174 253 255 290 299 383 409 433
3 4 6 9 17 18 20 22 27 36 38 39 44 46 47 49 52 54 63 64 65 69 71 83 86 87 95 101 102 105 108 109 110 111 116 117 120 121 124 134 148 164 171 174 220 253 328 383 433
1 4 6 13 15 18 20 22 27 36 38 39 40 44 46 47 54 56 64 65 66 69 71 79 81 82 83 86 87 88 95 97 101 102 105 108 109 110 111 120 121 135 142 148 164 168 172 174 176 210 218 253 299 400
1 4 6 17 18 20 22 27 36 38 39 44 46 47 52 54 56 64 65 69 71 73 79 82 83 86 87 88 91 97 101 102 105 108 109 110 111 121 142 148 164 168 172 174 176 218 253 255 299 328
3 6 9 17 18 20 22 23 27 36 39 47 49 52 64 65 69 71 74 86 87 97 101 102 105 109 110 121 164 197 289
3 6 9 18 20 22 23 27 36 39 46 47 49 52 64 65 69 71 73 83 86 87 102 105 109 110 121 171 197 210
6 13 17 18 20 22 27 36 38 39 47 52 54 64 69 71 74 75 78 82 83 86 87 95 102 105 108 109 110 116 135 148 171 176 218 289
3 4 6 10 17 18 20 27 38 39 44 46 47 52 54 69 71 74 78 81 83 87 102 110 124
1 3 4 6 9 11 14 17 18 19 20 22 27 36 38 46 47 48 49 52 54 64 69 71 73 74 82 83 86 95 101 102 105 108 109 110 135 164 171 181 210 289 409
1 3 6 9 11 18 20 22 27 30 36 38 46 47 49 52 56 64 69 71 73 74 78 83 95 101 102 105 108 110 135 148 210 492
1 2 3 5 6 7 8 18 20 21 22 23 29 31 34 36 38 39 46 47 58 65 69 71 72 75 78 80 82 109 126 140 150 152 282 321
1 3 4 6 8 13 14 17 18 20 22 26 33 36 38 39 40 44 46 47 52 54 64 69 71 83 86 95 101 102 105 108 109 110 121 133 171 210 289 456
6 18 20 22 27 36 38 46 47 49 64 66 69 71 74 79 81 82 83 86 87 101 102 105 109 110 120 121 148 164 172 210 290
1 4 6 9 17 18 20 22 27 36 38 39 46 47 52 54 64 65 69 71 73 74 81 83 86 87 88 97 101 102 105 108 109 110 116 121 142 146 172 176 218 240 253 383
1 3 4 6 8 11 16 18 20 22 27 36 38 39 40 44 46 47 52 54 64 65 69 71 73 74 78 81 82 83 86 87 88 95 97 101 102 105 108 109 110 111 116 135 142 146 148 164 171 172 174 176 210 218 240 383 400
1 3 4 6 9 13 17 18 20 22 27 36 38 39 40 46 47 49 52 56 64 65 69 71 74 75 78 81 83 86 91 95 101 102 105 109 110 121 127 132 135 148 164 210 218 227 253 383 409
1 4 6 13 17 18 20 22 27 36 38 39 46 52 54 64 65 69 71 83 86 87 97 102 105 108 109 110 111 116 117 120 135 148 164 171 299 409 433
6 18 20 22 27 36 38 39 46 52 54 63 64 65 69 71 83 86 87 97 102 105 108 109 110 111 116 120 135 148 164 171 289 299 433 492 596 861
1 3 4 6 8 9 10 11 13 17 18 20 22 27 30 32 36 38 39 41 46 47 49 52 64 69 71 74 78 82 83 86 87 101 102 105 108 109 110 111 116 117 133 148 164 171 176 289 328 400
1 2 4 5 6 7 8 18 20 21 22 23 27 34 35 36 38 39 40 46 47 49 52 55 64 69 71 83 86 87 91 95 101 102 105 108 109 110 111 116 117 121 135 148 164 171 172 176 218 253 328 417
6 13 18 20 22 23 27 34 36 38 39 40 46 47 49 52 64 69 71 75 82 83 86 87 97 101 102 108 109 110 111 121 148 164 218 374 383
1 3 4 6 7 12 13 14 15 16 17 18 20 22 23 27 36 38 39 46 47 52 54 62 64 66 69 71 75 79 82 83 86 87 95 101 102 105 108 109 110 116 117 121 148 164 171 172 174 216 218 227 253 289 290 299 325 417 492 596
1 3 4 6 8 9 11 12 13 15 17 18 19 20 22 23 27 36 38 39 41 46 47 48 51 52 54 64 65 69 71 73 74 75 78 83 86 87 90 95 97 101 102 105 108 109 110 116 117 121 124 127 132 133 135 148 164 171 176 218 240 255 289 321 328 400 409 492
1 6 17 18 20 22 27 31 36 38 39 46 47 52 54 64 69 71 83 85 86 87 101 105 108 109 110 111 121 148 171 210 227 428 492
1 3 5 6 9 16 18 20 22 27 36 38 44 46 47 49 52 64 65 69 71 74 79 83 86 87 90 91 95 97 101 102 105 108 109 110 111 121 135 142 148 171 237 299 383 621
2 5 6 18 20 22 27 36 38 47 49 52 65 69 71 74 82 83 86 87 90 95 97 101 102 105 108 110 121 135 148 172 176 210 374 383 621
1 3 4 6 9 10 15 18 20 22 24 27 36 38 39 43 46 47 52 53 54 64 65 69 71 72 73 74 78 79 82 83 84 86 87 95 97 101 102 105 108 109 110 111 116 117 120 121 134 135 142 148 160 161 164 171 218 220 227 228 253 265 299 417 433 565
1 2 3 4 6 8 9 11 13 15 16 17 18 20 22 23 26 27 36 38 39 40 46 47 52 54 56 64 65 69 71 73 74 76 78 81 83 86 87 91 97 101 102 105 108 109 110 111 116 117 120 121 124 134 135 142 148 161 164 172 218 228 265 289 299 374 417 496
6 12 13 18 20 27 36 38 47 49 52 69 71 73 83 86 87 88 110 116
1 4 5 6 7 10 18 20 22 27 30 36 38 39 43 46 47 49 52 60 71 73 78 83 86 87 88 95 101 105 108 109 110 116 121 135 148 154 158 164 210 216 227 290
1 3 4 6 11 14 18 20 22 27 36 38 39 40 44 46 47 52 54 64 65 66 69 71 73 74 78 79 82 83 86 87 91 95 101 102 105 108 109 110 111 121 135 148 164 171 172 174 176 218 220 299 311 383 417 433 496
1 3 4 6 7 8 11 13 14 17 18 19 20 22 27 36 38 39 46 47 52 54 64 65 69 71 73 74 75 83 86 87 95 97 101 102 105 108 109 110 111 135 146 148 171 172 299 409 417
1 3 4 6 9 13 17 18 19 20 22 27 36 38 39 40 46 47 52 54 64 65 66 69 71 73 74 78 83 86 87 95 101 102 105 108 109 110 135 148 164 171 172 174 210 216 218 253 492 823
1 2 4 6 8 10 15 17 18 19 20 22 27 36 38 39 40 46 47 52 54 56 64 65 66 69 71 73 74 78 79 83 86 87 95 101 102 105 108 109 110 116 117 121 135 148 164 171 172 218 237 253 289 290 319 374 400 591
6 18 20 36 46 49 69 71 74 83 86 95 101 109 110 116 121 171 172
3 6 11 18 20 36 46 47 49 69 71 74 83 86 101 105 108 109 110 116 164
1 3 6 9 11 16 18 19 20 22 27 32 36 38 46 47 52 54 64 65 69 71 74 83 86 87 95 101 102 105 108 109 110 111 116 121 148 156 171 172 210 518
1 2 3 4 6 7 8 9 10 11 13 14 15 16 17 18 19 21 22 23 26 28 30 31 32 33 37 38 39 40 42 46 48 49 50 51 53 56 59 63 64 68 70 77 79 85 91 125 160 185 190
6 18 20 22 27 36 38 47 52 54 64 65 69 71 73 74 86 87 95 101 102 135 146 148 289
1 2 4 6 7 17 18 20 22 27 36 38 39 46 47 54 64 69 71 74 78 83 86 95 101 102 105 108 109 110 121 124 148 164 174 227 299
1 6 17 18 20 22 27 36 38 39 46 47 52 54 64 69 71 74 83 86 91 101 102 105 108 109 110 111 116 121 124 135 148 164 218 289 417
2 6 18 20 22 27 36 38 39 46 47 49 64 69 71 76 83 86 105 109
3 6 9 13 15 17 18 20 22 27 36 38 39 47 49 52 63 64 69 71 81 82 83 86 87 105 109 110 116 121 135 146 164
2 5 6 17 18 20 22 27 36 38 39 47 48 65 69 71 81 83 86 87 102 109 120 146 164
1 3 6 18 19 20 22 23 27 36 38 39 44 46 47 49 52 64 65 69 71 74 83 86 97 101 102 105 109 110 111 121 148 172 210 328 374
4 6 18 20 22 23 24 27 36 38 39 46 47 49 52 64 65 69 71 74 75 78 81 82 83 86 87 95 97 101 102 105 108 109 110 111 121 135 148 164 171 172 176 210 218 227 253 328 383 409 496 653
1 6 9 18 20 22 27 36 38 39 46 47 49 52 54 64 65 69 71 73 74 78 79 83 86 87 91 95 101 102 105 109 110 116 117 121 135 148 171 172 174 176 210 265 290 328 417
1 6 9 18 20 22 27 36 38 39 43 46 47 49 52 54 64 65 69 71 73 74 78 79 81 83 86 87 95 97 101 102 105 109 110 111 116 121 135 148 164 171 172 210 218 265 383 417
1 3 4 6 9 11 18 19 20 22 26 27 32 36 38 39 43 46 47 52 54 64 65 69 71 73 78 83 86 87 97 101 102 105 108 109 110 116 121 124 127 135 148 164 171 210 216 218 240 400
1 6 10 13 17 18 20 22 27 36 38 39 43 46 47 52 54 64 69 71 82 83 86 87 101 102 105 108 109 110 116 117 121 148 171 172 218 227 253 289 409 492
1 6 9 18 20 22 27 36 38 39 43 44 46 47 49 52 64 69 71 74 78 79 83 86 87 88 90 101 102 105 108 109 110 111 116 117 121 142 148 164 171 172 176 218 240 299 328 400 417
1 6 8 12 13 16 17 18 20 22 27 36 38 39 40 46 47 49 52 62 64 69 71 74 78 82 83 86 87 88 90 101 102 108 111 116 121 142 148 164 172 289
1 6 18 20 22 27 36 38 39 47 49 52 69 71 74 78 83 86 87 88 90 101 109 116 121 164 572
1 3 4 6 16 17 18 19 20 22 27 36 38 39 40 46 47 52 54 64 65 69 71 79 83 86 87 95 101 102 105 108 109 110 117 121 132 135 142 146 148 172 220 265
3 4 6 9 17 18 20 22 27 36 38 39 46 47 52 54 64 65 66 69 71 78 79 81 83 86 87 95 101 102 105 108 109 110 111 116 117 121 135 148 171 172 176 255
3 6 11 13 18 20 21 22 24 27 36 38 39 40 46 47 52 54 56 64 65 69 71 73 74 78 83 86 87 95 101 102 105 108 109 110 111 116 117 121 135 148 171 172 218 255 265 289 328
1 3 6 7 9 10 11 12 14 15 18 20 22 23 27 36 39 46 47 49 52 64 65 68 69 71 73 74 83 86 87 90 97 101 102 105 108 109 110 116 117 121 127 135 146 164 171 172
6 18 20 22 27 36 39 46 47 65 71 73 83 87 90 97 102 105 109 110 121 146
1 6 11 14 18 20 22 27 36 38 39 47 49 64 65 69 71 73 83 86 87 90 97 101 102 105 108 109 110 111 117 124 135 146 148 171 176 227 290 374
1 3 6 8 11 16 17 18 20 22 27 36 38 46 47 52 54 64 66 69 71 73 78 83 86 91 95 101 102 105 108 109 110 111 116 135 148 164 171 172 210 218 237 289
1 3 6 9 10 12 13 18 20 22 27 36 38 46 47 52 54 64 66 69 71 73 78 83 86 91 95 101 102 105 109 110 111 116 121 132 135 148 171 174 210 218 227 253 290 400 496
1 6 8 12 14 15 17 18 19 20 22 27 36 38 39 44 52 54 65 69 71 73 74 78 81 82 83 86 87 102 108 109 110 116 120 135 164 171 218 253
1 4 6 17 18 20 22 27 36 38 39 46 49 54 64 65 69 71 73 74 83 86 87 102 105 110 116 117 124 148 220 253
6 8 17 18 20 22 27 36 38 39 46 47 52 54 64 65 69 71 78 83 86 87 95 101 102 105 108 109 110 111 121 135 172 176 237 299
1 6 9 17 18 20 22 27 33 35 36 38 39 46 47 52 54 64 65 69 71 73 74 78 79 83 86 87 91 95 101 102 105 108 109 110 111 116 117 121 135 142 148 172 174 218 255 328 492
4 6 7 13 17 18 20 22 23 27 34 36 38 39 40 46 47 49 52 54 56 57 59 64 65 69 71 73 74 75 78 81 82 83 86 87 89 95 97 101 102 105 108 109 110 116 117 121 124 127 135 146 148 161 164 171 172 174 218 220 249 325 417
1 4 6 8 17 18 20 22 27 30 36 38 39 44 46 47 52 54 56 64 65 69 71 73 74 75 78 79 82 83 86 87 91 95 97 101 102 105 108 109 110 116 117 121 124 127 135 146 148 161 164 171 172 174 176 218 220 240 255 265 289 374 383 805
4 6 12 17 18 20 22 26 27 36 38 39 45 46 47 52 54 64 69 71 74 82 83 86 95 100 101 102 105 108 109 110 111 116 117 121 135 146 158 164 171 172 216 218 227 290 400
6 18 20 22 27 36 38 39 46 47 52 54 64 69 71 73 74 83 86 87 101 102 108 109 110 111 121 146 171 172
1 4 6 8 13 17 18 20 22 24 27 30 36 38 39 40 43 46 47 49 52 54 55 56 64 65 69 71 74 78 79 82 83 86 87 91 97 101 102 105 108 109 110 111 116 121 135 136 148 158 162 164 172 216 218 240 433
1 6 17 18 20 22 27 31 36 38 39 44 46 47 52 54 64 65 69 71 74 81 83 86 87 97 101 102 109 110 111 121 135 172 492
1 3 4 6 9 13 15 16 17 18 20 22 27 36 38 39 40 46 47 54 64 65 69 71 73 74 82 83 86 87 88 91 97 101 102 105 108 109 110 121 135 148 154 164 171 172 176 210 218 221 240 518
4 6 18 20 22 27 36 38 39 46 47 54 64 65 69 71 73 81 83 86 87 88 97 102 105 109 121
6 14 17 18 20 22 23 27 36 38 44 47 49 52 64 69 71 83 86 95 101 102 105 108 109 110 111 121 171 172 289
1 3 6 9 18 20 22 36 38 46 47 49 52 64 69 71 74 78 82 83 86 95 101 102 105 110 116 117 121 135 148 174 210 227 249 328
3 6 8 9 11 12 13 14 18 20 22 27 36 46 47 49 52 64 69 71 74 82 83 86 87 95 102 105 108 110 116 121 135 164 171 174 210 227 289 290
3 6 9 11 13 14 17 18 20 22 27 36 38 39 46 47 49 52 69 71 74 78 81 83 86 87 95 101 102 105 109 110 111 116 121 135 146 172 400
3 6 9 17 18 20 22 27 36 38 39 46 47 49 69 71 74 78 81 82 83 86 87 101 102 109 116 135 146 148
6 9 11 14 15 17 18 20 22 27 36 38 39 46 47 52 54 65 69 71 73 74 81 83 86 87 97 101 102 109 116 142 148 218 374 383 677
1 3 4 6 8 14 18 20 21 22 27 36 38 39 40 44 46 47 49 52 53 54 64 69 71 74 76 83 86 87 91 95 101 102 105 108 109 110 111 116 121 132 135 171 176 218 253
1 3 6 9 18 20 22 27 36 38 39 44 46 47 52 54 64 69 71 74 81 83 86 87 90 101 102 105 108 109 110 111 121 135 146 148 164 171 210 218
1 3 4 5 6 7 14 15 17 18 20 22 32 36 38 39 46 49 52 54 64 69 71 73 78 82 83 86 97 101 105 108 110 111 116 121 135 148 171 172 289 328 417 518
4 6 18 20 22 23 36 38 39 40 42 46 47 52 54 64 69 71 73 79 82 83 86 95 97 101 102 105 108 110 111 116 121 135 148 164 171 172 176 210 227 290 492
6 17 18 20 22 36 38 39 46 47 52 54 64 69 71 73 78 83 86 95 97 101 102 105 109 110 111 121 148 171 176 253
1 6 14 18 20 22 27 36 38 39 44 46 47 52 54 64 65 69 71 74 81 83 86 87 97 102 105 108 109 111 148 171 172 325 328 518
1 4 6 7 14 17 18 20 21 22 27 33 36 38 39 40 44 46 47 50 52 54 64 65 66 69 71 74 78 79 81 83 86 87 95 97 101 102 105 109 110 111 117 121 124 148 164 176 374
3 6 9 18 20 22 27 36 38 39 46 47 52 54 64 65 69 71 74 78 81 83 86 87 95 97 101 102 105 108 109 110 111 121 171 210 218 289
1 3 4 6 7 8 9 10 13 17 18 19 20 22 27 30 36 38 39 46 47 49 52 56 62 64 65 69 71 73 74 78 81 82 83 86 87 91 97 101 102 105 108 109 110 111 116 135 148 164 218 227 228 240 265 417
1 6 17 18 20 22 27 36 38 39 46 47 49 52 56 64 65 69 71 73 74 78 81 83 86 87 95 97 101 102 108 109 111 116 117 124 135 148 164 172 210 228 240 253 265
1 3 4 6 18 20 22 27 36 38 39 46 47 54 64 65 69 71 74 83 86 87 95 102 105 109 110 116 210 218 220 255 328
1 3 6 17 18 20 22 27 36 38 39 46 47 52 54 65 69 71 74 81 83 86 87 102 105 109 110 116 121 148 171 172 237 255 328 596
6 17 18 20 22 27 36 38 39 46 47 52 54 64 65 69 71 74 83 86 87 102 105 108 109 110 111 116 121 148 164 172 218 227
1 3 4 6 13 17 18 20 22 27 36 38 39 44 46 47 52 54 64 69 71 73 74 81 83 86 87 88 90 91 101 102 105 108 109 111 120 124 164 210 227 255 299 321 328 409 433
6 17 18 20 22 27 31 36 38 39 44 46 47 52 54 64 69 71 73 74 81 83 86 87 90 101 102 105 108 109 110 111 116 121 124 135 142 148 164 171 218 299 400 409 729
1 4 6 7 17 18 20 22 27 36 38 39 41 46 47 49 52 64 69 71 74 76 79 81 83 86 95 101 102 105 108 111 117 121 135 148 164 171 176 210 299 777
4 6 17 18 20 22 27 36 38 39 40 46 47 49 52 64 69 71 74 81 83 101 102 109 111 148 164 171 218 290
6 17 18 20 22 27 36 39 46 54 65 69 71 74 81 82 83 86 87 95 101 102 105 108 109 110 116 120 121 135 146 172 218 253
1 6 13 17 18 20 22 27 36 38 39 46 52 54 64 65 69 71 74 81 83 86 87 101 105 108 109 110 111 121 146 171 176 409
1 4 5 6 11 13 14 17 18 20 22 27 30 36 38 39 46 47 49 50 52 64 65 66 69 71 73 74 78 82 83 86 87 95 97 101 102 108 109 110 111 116 117 121 135 142 148 164 172 176 299 400
1 4 6 12 17 18 20 22 27 36 38 39 46 47 52 54 64 65 69 71 79 81 83 86 87 88 97 101 102 105 108 116 117 120 135 148 164 271 518
1 3 4 6 12 17 18 20 22 27 36 38 39 46 47 52 54 64 65 69 71 74 83 86 87 88 90 95 97 101 102 105 108 109 110 111 120 121 135 148 164 174 210 255 271 374
1 6 18 20 22 27 36 38 39 46 47 49 69 71 83 85 86 87 99 102 110 116 121 134
1 3 4 6 8 9 11 13 15 17 18 20 22 23 27 36 38 39 40 44 46 47 49 52 53 56 64 65 69 71 74 77 79 81 82 83 86 87 97 101 102 108 109 110 116 134 148 164 171 218
1 3 4 6 9 11 12 14 18 19 20 22 27 32 36 47 48 49 52 55 65 74 83 85 86 95 101 102 105 108 109 110 116 171 210 290
1 3 4 6 9 10 16 18 19 20 22 27 36 38 46 47 49 52 53 65 66 70 71 74 82 83 86 95 101 102 105 108 109 110 116 121 164 174 289 290
1 4 6 7 9 11 18 20 22 26 27 36 38 39 46 47 52 54 56 64 69 71 74 78 81 83 86 87 88 97 101 102 105 109 110 116 117 121 135 148 164 210 221 265 328 492
1 3 4 6 7 8 9 18 20 22 27 36 38 39 46 47 56 64 65 69 71 73 81 83 86 87 88 92 97 101 102 105 109 110 116 117 121 135 148 255 265 289 299 328
1 4 6 10 18 20 22 23 27 32 36 38 39 47 52 53 54 56 64 69 78 83 86 95 101 102 105 108 109 110 116 117 121 132 148 171 174 210 227 290 328 400 492
1 4 6 9 11 13 15 18 20 22 24 36 38 40 43 46 47 49 52 53 55 69 71 74 82 83 86 88 95 101 102 105 108 109 110 111 116 117 121 135 164 171 216 253 290 400 596
1 4 6 9 18 20 22 36 38 42 46 47 49 52 69 71 74 83 86 88 101 102 108 109 110 116 121 135 136 148 164 171 216 227 253 289 328
1 4 6 9 15 17 18 20 22 27 36 38 39 46 47 52 54 64 65 69 71 73 78 82 83 86 91 95 97 101 102 105 108 109 110 111 116 117 121 135 148 164 171 176 218 289 433
1 4 6 17 18 19 20 22 24 27 30 36 38 39 43 46 47 52 54 56 64 65 69 71 73 74 78 82 83 86 87 88 97 101 102 105 108 109 110 116 117 121 135 148 164 171 218 227
1 4 6 16 18 20 22 27 36 38 39 46 47 49 52 56 64 65 66 71 73 74 78 83 86 87 97 101 102 105 109 111 117 135 148 168 210 253 374
1 4 6 13 15 17 18 20 22 27 30 31 36 38 39 46 47 49 52 56 64 65 69 71 73 74 75 78 83 86 87 95 97 101 102 105 108 109 110 111 116 117 121 135 148 161 164 168 218 237 253 255 374
1 4 6 11 15 18 20 22 27 36 38 39 40 46 47 49 52 64 69 71 75 78 82 83 86 91 95 101 102 105 109 110 111 116 117 120 132 133 135 148 172 174 176 190 210 220 258 328 433
1 3 4 9 13 18 20 22 27 30 36 38 49 52 55 71 82 83 86 105 108 110 111 116 148 164 172 227 289 374
4 8 11 18 20 22 27 36 38 43 48 49 52 53 55 71 73 75 82 83 86 91 95 105 108 109 110 111 116 121 133 164 210 219 227 258 289 290
1 6 15 17 18 20 22 27 36 38 39 44 46 47 54 64 69 71 74 81 83 86 95 97 101 102 105 109 110 116 121 135 148 171 176 210 218 265 290
4 6 18 20 22 27 32 36 38 39 46 47 52 53 54 69 71 74 81 82 83 86 97 101 102 105 109 110 116 121 135 164 171 176 218 219
1 3 4 6 16 17 18 20 22 27 36 38 39 46 47 52 64 66 69 71 73 74 81 83 86 87 90 95 97 101 105 109 111 116 121 124 135 168 172 210 220 428 492
1 4 6 7 17 18 19 20 22 23 27 36 38 39 46 47 52 64 65 69 71 73 74 78 81 83 86 87 90 95 97 101 102 105 108 109 110 117 121 132 135 146 148 168 171 172 176 210 220 237 328 565
6 18 20 22 27 36 38 39 46 47 64 65 69 71 73 74 78 82 83 86 87 90 91 97 101 102 105 108 110 111 116 117 121 124 146 148 168 220
1 3 4 6 13 17 18 20 22 27 36 38 39 46 47 52 54 69 71 74 78 82 83 86 101 102 105 109 110 116 121 135 164 171 218 227
1 4 6 17 18 20 22 27 28 35 36 38 39 46 47 54 69 71 74 78 82 83 86 95 101 102 105 109 110 116 121 124 135 172 218
1 4 6 8 13 17 18 20 22 27 30 36 38 39 43 46 47 48 54 55 69 71 74 78 82 83 86 91 95 101 102 105 108 109 110 116 121 135 164 171 218 227 289 290 400 492
1 3 6 11 18 20 22 27 36 38 46 47 52 54 64 65 69 71 74 83 86 87 97 101 102 105 109 111 121 124 135 148 164 218 289
1 3 6 18 20 22 27 36 38 46 47 52 54 64 65 69 71 73 74 78 83 86 87 90 95 97 101 102 105 108 109 110 111 121 135 148 164 172 176 227
6 18 20 22 27 36 38 46 47 52 54 65 69 71 73 74 79 81 83 86 87 90 97 102 105 108 109 111 121 124 135 148
1 4 6 9 11 14 17 18 20 22 27 36 38 39 46 47 52 54 69 71 74 78 79 82 83 86 87 91 101 102 105 108 109 110 111 121 133 135 148 171 328
1 6 13 17 18 20 22 27 30 36 38 39 46 47 52 54 55 56 64 69 71 74 78 82 83 86 87 101 102 105 108 109 111 116 121 124 135 148 171 176 218 219 227 290 433
6 17 18 20 22 27 36 38 39 40 46 47 49 52 64 69 71 73 74 81 82 83 86 87 90 97 102 105 108 109 110 111 121 124 135 148 164 172 255 321 383
6 18 20 22 27 36 38 39 46 47 49 52 64 69 71 73 74 81 83 86 87 90 97 102 108 109 110 111 121 124 135 218 409 433
6 17 18 20 22 27 36 38 39 46 47 49 52 64 69 71 73 81 83 86 87 90 97 102 105 109 110 111 121 135
4 6 8 9 18 20 22 27 36 38 39 46 47 52 54 64 65 69 71 73 74 83 86 87 90 101 102 105 109 124 135 148 171 210 218 221 383
3 4 6 18 20 22 27 36 38 39 46 47 52 54 65 69 71 73 75 78 86 87 90 101 102 105 109 135 582
4 6 9 13 18 20 22 27 32 36 38 39 46 47 52 54 56 64 65 69 71 73 74 78 79 83 86 87 90 101 102 105 109 116 117 135 148 171 218 255 289 299 374
3 6 18 20 22 27 36 38 39 46 47 52 54 57 64 65 69 71 74 78 79 83 86 87 90 91 95 97 101 102 105 108 109 111 116 121 124 133 135 142 148 164 172 255 289 321 409
6 17 18 20 22 27 36 38 39 46 47 52 54 64 65 69 71 74 78 79 83 86 87 90 95 97 101 105 108 109 111 121 124 135 142 148 255 321 400 409
1 6 8 11 16 17 18 20 22 27 36 38 39 46 47 48 52 53 54 56 64 65 69 71 74 78 79 81 82 83 86 87 90 95 97 101 102 105 108 109 110 111 116 117 121 124 134 135 142 148 164 171 172 218 219 220 289 325 328 496 565
1 3 4 6 7 18 20 22 27 36 38 39 46 47 52 54 64 65 69 71 74 82 83 86 87 95 101 102 105 108 109 110 111 116 121 135 148 171 172 176 210 227 289 328 400 417
1 6 18 19 20 22 27 36 38 39 46 47 52 54 64 65 69 71 74 79 82 83 86 87 101 102 105 109 110 116 121 132 135 148 164 171 172 176 210 218 219 227 240 253 409
1 4 6 18 20 22 27 36 38 39 46 47 52 54 64 65 69 71 74 75 82 83 86 87 95 101 102 105 108 109 110 116 121 124 135 164 210 218 219 227
1 3 6 8 13 17 18 20 22 27 36 38 39 46 47 52 54 64 69 71 74 83 86 101 102 105 108 109 110 116 120 148 164 168 172 176
6 18 20 22 27 36 38 39 46 47 54 64 69 71 74 79 83 86 95 101 102 108 109 116 117 120 124 148 168 172 176 210
1 4 6 18 20 22 27 31 36 38 39 46 47 54 64 65 69 71 73 78 83 86 87 97 102 105 109 135 148 172 210 253
6 18 20 22 27 36 38 39 46 47 52 54 64 69 71 73 83 86 87 97 102 105 108 109 110 111 116 220 290
1 6 18 20 22 24 27 36 38 39 44 46 47 52 54 64 69 71 73 81 82 83 86 87 97 102 105 109 110 121 144 148 253
1 4 6 18 20 22 27 36 38 39 46 47 49 52 64 69 71 83 86 87 102 108 109 110 121 148 164
1 6 9 16 17 18 20 22 27 36 38 39 46 47 49 52 64 69 71 73 78 83 86 87 101 102 109 110 111 121 135 148 164 171 299
1 3 4 6 7 17 18 20 22 27 36 38 39 46 47 52 54 64 69 71 74 78 83 86 87 95 101 102 105 108 109 110 116 117 121 135 164 210 290
1 4 6 17 18 20 22 27 36 38 39 46 47 52 54 64 65 69 71 74 83 86 87 90 97 101 102 108 109 110 116 121 135 164 172 218
1 4 6 18 20 22 27 36 38 39 46 47 49 52 54 64 65 69 71 74 83 84 86 87 90 97 101 102 105 109 110 116 117 121 135 148 164 582
6 10 18 20 22 27 36 39 47 52 64 69 71 73 83 86 102 108 116
1 3 4 6 11 13 14 18 20 22 24 27 36 38 39 43 47 52 54 66 69 71 73 82 83 86 101 102 105 108 109 110 116 121 164 171 172 210 216 219 289 290
6 10 18 20 22 27 36 37 38 39 46 47 49 52 54 64 66 69 71 78 82 83 86 87 95 101 102 105 108 110 116 121 135 148 210 328
1 4 6 11 17 18 20 22 27 36 38 39 46 47 49 52 54 56 64 65 69 71 74 78 83 86 102 108 135 148 171 176 227 289
3 4 6 9 10 15 17 18 20 22 23 27 36 38 39 40 44 46 47 49 52 54 56 64 69 70 71 73 81 83 86 87 95 97 101 102 108 109 110 124 135 142 148 210 237 255
3 4 6 9 17 18 20 22 27 36 38 39 44 46 47 49 54 56 64 69 71 73 78 79 81 83 86 87 97 101 108 109 110 117 124 135 311
1 3 4 6 17 18 20 22 23 27 36 38 39 40 44 46 47 52 54 56 64 65 69 71 73 74 81 83 86 87 90 95 97 101 102 105 108 109 110 116 121 135 142 148 176 265 299 321
4 6 10 13 17 18 20 22 23 27 36 38 39 44 46 47 52 54 64 69 71 73 74 79 81 83 86 87 90 97 101 102 105 108 109 110 116 121 135 142 148 161 171 240 265 299 328 383 496
1 6 17 18 20 22 23 27 36 38 39 46 47 54 64 71 73 74 82 83 86 97 101 102 105 108 109 121 142 176 290
1 3 6 18 20 22 23 27 36 38 39 46 47 54 64 69 71 73 81 83 86 97 101 105 109 121 148
4 6 17 18 20 22 27 36 38 39 46 47 52 54 64 69 71 74 83 86 87 88 90 97 101 102 108 109 110 116 148 164 172 417 433
6 17 18 20 22 27 36 38 39 46 47 52 54 64 69 71 74 79 82 83 86 87 88 90 97 101 102 108 109 110 116 135 148 171 220 290 433
1 6 17 18 20 22 27 36 38 39 46 47 52 54 64 69 71 74 79 83 86 87 88 90 97 102 105 108 109 116 121 124 135 142 148 164 171 172 328 433
1 3 4 6 8 9 10 11 13 14 15 16 17 18 19 20 22 26 27 28 31 36 38 39 46 47 48 49 52 54 56 64 65 66 69 71 74 78 79 81 83 86 87 91 101 102 105 106 108 111 116 120 135 146 148 255 265 299 374
1 3 4 6 8 9 10 11 13 14 17 18 19 20 21 22 26 27 30 31 36 38 39 40 43 46 47 49 52 54 64 65 66 69 71 74 78 79 82 83 86 87 97 101 102 105 108 109 110 111 116 121 132 133 135 146 148 158 171 176 219 237 255 265 299 374 417
4 6 12 13 17 18 20 22 27 36 38 39 46 47 52 54 64 65 69 71 74 82 83 86 87 95 97 101 102 105 108 109 110 116 117 121 135 148 164 172 409
6 18 20 22 27 36 38 39 46 47 54 64 65 69 71 74 79 83 86 87 95 97 101 102 108 110 116 121 146 164 321
4 6 9 17 18 20 22 27 36 38 39 40 44 46 47 54 56 64 65 69 71 73 74 78 83 86 87 88 95 97 101 102 105 109 110 111 121 148 161 171 218 240 289 299
1 4 6 17 18 20 22 27 36 38 39 40 44 46 47 52 54 56 64 65 69 71 73 74 83 86 87 88 97 101 102 105 109 110 135 148 161 171 176 265 289 299
6 9 18 20 22 23 27 36 38 39 46 47 49 52 64 69 71 83 86 88 102 109 121 146
3 6 18 20 22 23 27 36 38 39 40 47 49 64 69 71 86 87 88 95 101 102 109 121 135 148 171 174 197 210
3 4 6 17 18 20 21 22 36 39 40 47 49 52 69 73 81 82 86 95 101 102 109 127 146
3 4 6 18 20 22 27 36 47 49 52 69 73 81 86 95 101 102 105 110 121 135 164
6 18 20 22 27 36 38 39 46 47 51 52 54 64 65 69 71 73 74 78 83 86 87 90 101 102 105 109 111 116 117 121 124 135 148 164 253 496
3 6 12 17 18 20 22 27 36 38 39 46 47 52 54 64 65 69 71 73 74 79 83 86 87 90 95 101 102 105 108 109 110 111 116 117 121 124 135 148 164 172 176 218 253 265 492 496
3 4 6 18 20 22 27 36 38 39 46 47 52 54 56 64 65 69 71 73 74 78 82 83 86 87 90 101 105 108 109 110 116 121 124 135 148 164 174 218 220 265
1 3 4 6 9 17 18 20 22 23 27 36 38 39 44 46 47 52 54 56 64 65 69 71 73 74 78 81 83 86 87 88 90 91 95 97 101 102 105 108 109 110 121 124 148 171 255 374
3 4 6 9 18 19 20 22 23 27 36 38 39 44 46 47 54 56 65 69 71 73 74 81 83 86 87 88 97 109 110 135 325 400
4 6 8 17 18 20 22 27 36 39 49 52 56 69 71 73 81 83 86 87 88 95 97 110 116 121 135 148
1 3 4 6 8 9 11 15 16 17 18 20 22 23 27 31 36 38 39 44 46 47 49 50 52 56 64 69 71 73 81 83 86 87 88 91 97 101 102 105 108 109 110 116 121 135 161 171 240 548
6 18 20 22 27 36 38 39 40 47 49 64 65 71 74 86 95 102 108 109 110 111 121 146 171 172
1 3 4 6 7 8 9 10 11 13 14 15 16 17 18 19 20 21 22 23 26 30 31 32 33 37 38 39 44 46 49 50 53 63 68 70 79 85
6 17 18 20 22 27 36 38 39 46 47 49 52 64 65 69 71 74 83 86 105 109 146 172
1 3 4 6 7 17 18 20 22 23 27 36 38 39 47 52 54 69 71 73 78 82 83 86 95 101 102 105 108 109 110 116 121 135 164 171 210 227 328
1 3 4 6 9 10 18 20 22 23 27 36 38 39 44 47 52 54 64 69 71 78 86 101 102 105 108 109 110 121 135 174 210 227 328
1 3 4 6 18 20 22 23 27 36 39 47 52 54 64 69 71 78 82 83 86 101 102 105 108 110 116 121 135 164 210 227
4 6 17 18 20 22 27 36 38 39 46 52 54 69 71 74 83 86 87 88 97 101 102 105 109 110 116 121 135 164 218 328
1 3 4 6 18 20 22 27 36 38 39 46 52 54 62 69 71 74 82 83 86 87 88 91 97 101 102 105 108 109 110 116 121 135 164 171 218
1 4 6 17 18 20 22 27 36 38 39 41 46 47 49 64 69 71 73 82 83 86 102 105 108 121 127 133 383
1 3 4 6 7 8 9 10 11 13 14 15 16 17 18 19 21 22 23 26 27 28 31 33 38 44 46 48 49 50 51 53 63 68 76 77 79 109 128 151
1 2 5 6 7 8 11 13 16 17 18 20 22 23 24 27 28 31 34 36 39 41 43 46 47 49 54 55 59 65 67 68 71 72 73 75 80 81 83 86 108 109 110 111 124 126 128 147 166 171 176 180 371 394 415
1 3 4 6 7 8 10 11 12 13 14 15 17 18 19 20 22 27 28 31 36 38 39 47 49 54 64 65 69 71 83 86 95 102 105 108 109 110 116 121 132 135 171 290
1 3 4 6 18 20 22 27 36 38 39 46 47 52 64 69 71 74 83 86 90 97 101 102 108 109 110 116 134 135 142 148 164 171 172 210 255 496 565
3 6 13 17 18 20 22 27 36 38 39 46 47 49 52 64 69 71 74 79 83 86 90 97 101 102 105 108 110 116 120 124 134 135 142 148 164 172 210 227 255 400
3 6 9 18 20 22 27 36 38 39 40 46 47 49 52 69 71 74 78 81 83 86 90 97 101 102 105 108 109 110 116 134 135 142 148 164 171 210 218
1 4 6 17 18 20 22 27 36 38 39 46 47 49 52 64 69 71 74 78 81 82 83 86 87 95 97 101 102 105 109 110 148 164 218
1 3 4 6 17 18 20 22 27 36 38 39 47 49 52 56 64 69 71 74 78 83 86 87 95 97 101 102 105 109 110 121 135 148 164 171 172 210 218
1 3 4 6 9 17 18 20 22 27 36 38 39 47 49 52 64 69 71 74 82 83 86 87 97 101 102 105 108 109 110 116 117 121 148 171 172 218
1 6 18 20 22 27 36 38 39 44 46 47 49 52 54 64 65 69 71 74 81 83 86 87 95 97 101 102 105 107 108 109 110 116 120 121 135 142 148 164 240 265 409
1 6 17 18 20 22 26 27 36 38 39 44 46 47 54 64 65 69 71 73 83 86 101 102 105 108 109 110 116 121 124 135 148 164 172 290 433
1 4 6 17 18 20 22 27 36 38 39 44 46 47 52 54 64 65 69 71 73 79 81 82 83 86 90 95 101 102 105 108 109 110 116 117 121 124 148 164 171 172 227 289 290 328 374 400
3 4 6 17 18 20 22 27 36 39 49 52 69 71 74 82 83 86 87 91 97 101 102 105 108 109 110 116 121 135 146 172
1 4 6 7 8 11 14 18 19 20 22 27 36 39 47 49 69 71 74 82 83 86 87 91 97 101 102 105 108 109 110 116 121 146 155 164 171 227 289 290
6 18 20 22 26 27 36 38 39 46 47 52 54 64 65 71 73 74 79 81 83 86 87 105 108 110 117 124 135 148 171 199 374
6 18 19 20 22 27 36 38 39 46 47 49 52 54 64 65 71 73 74 81 83 86 87 95 101 105 116 124 148 164 172
4 6 8 18 20 23 36 39 46 71 82 83 86 101 102 105 108 109 110 116 121 135 227 289
6 8 17 18 20 22 23 32 36 71 82 83 86 101 102 108 109 110 116 121 135 289
4 6 18 20 22 23 27 32 36 38 39 46 47 49 54 56 64 65 69 71 73 74 82 83 86 87 88 97 101 108 110 116 135 146 148 164 176 220 374 417 433
1 4 6 17 18 20 22 23 27 36 38 39 40 46 47 49 52 56 65 71 73 74 75 83 86 87 88 95 97 101 105 107 108 110 116 164 219 253 321 417
6 17 18 20 22 27 36 39 46 47 52 54 64 69 71 73 74 83 86 87 88 95 101 102 121
3 6 9 18 20 22 27 36 39 46 47 52 54 64 69 71 73 74 82 83 86 87 88 101 102 105 108 109 116 121 148 236 321
3 6 9 18 20 22 27 36 38 39 47 52 54 64 69 71 73 74 83 87 88 101 102 105 108 109 116 121 148 210
1 2 3 4 5 6 7 8 10 11 12 13 14 16 17 18 19 20 22 23 24 34 35 36 38 41 43 46 47 49 52 55 58 62 69 72 74 75 76 86 99 101 102 105 116 132 133 150 164 166 169 178 333
1 4 6 8 9 10 11 13 15 17 18 19 20 21 22 26 28 30 32 36 37 38 39 40 44 47 49 52 53 56 64 69 71 74 78 82 83 85 86 91 95 100 101 102 105 108 109 111 116 121 164 171 227 572
6 18 20 22 27 36 38 39 47 49 52 54 64 65 71 78 79 83 86 87 90 97 101 120 135 164 321 328
1 4 6 18 20 22 27 36 38 39 44 46 47 49 52 54 64 65 69 71 78 79 83 86 87 90 97 101 102 108 109 110 120 121 124 164 321
3 6 9 18 20 36 39 49 55 73 82 83 86 95 110 121 135 181 210
1 6 18 20 22 27 36 38 39 44 46 47 49 52 54 64 65 69 71 74 79 81 83 86 87 88 97 101 102 105 108 109 110 116 121 148 171 172 176
6 17 18 20 22 27 36 38 39 44 46 47 49 52 54 64 65 69 71 74 79 81 83 86 87 88 91 97 101 102 105 108 109 110 116 121 146 148 172 174 176 240
1 4 6 18 20 22 27 36 38 39 46 47 54 65 69 71 82 83 86 87 101 102 105 108 109 110 116 121 171 218
1 3 6 18 20 22 27 36 38 39 46 47 54 65 69 71 83 86 87 101 102 105 109 110 116 121 135 148 171
3 6 9 17 18 20 22 27 36 38 39 46 47 49 52 56 64 65 69 71 73 74 78 83 85 86 87 95 97 101 102 105 109 110 121 146 148 171 172 174
1 6 9 17 18 20 22 27 36 38 39 46 47 49 52 54 56 64 65 69 71 73 74 78 83 86 87 97 101 102 105 109 121 146 164 176 321
6 9 11 16 17 18 20 22 36 38 39 40 46 49 69 71 82 83 86 95 101 105 108 109 110 116 132 135
4 6 8 18 20 36 39 43 49 52 55 69 71 74 82 83 86 99 101 105 108 109 110 116 121 148 171 172
