2 4 5 6 7 9 10 11 12 13 14 16 22 23 24 28 29 31 34 36 41 43
2 3 11 23 25 31 32
6 7 9 10 12 13 22 28 29 30 34 36 41 43
6 7 9 12 13 14 16 22 28 29 30 34 37 41 43
2 3 4 5 6 8 9 11 13 15 16 25 30 31 32 34 36 43
4 5 9 12 16 22 30 32 33 34
2 3 4 6 7 11 12 15 16 17 19 21 23 25 26 27 28 30 31 32 33 35 36 40 41 43
0 2 4 5 7 9 10 11 12 13 16 17 21 23 28 36 40 43
6 11 23 25 30 33 38
0 6 10 11 16 23 25 30 31 32 33 39 43 44
0 2 3 4 5 9 12 13 16 19 20 24 26 27 28 31 35 37 38 40
4 5 10 11 12 13 16 17 21 23 30 34 36 43
3 4 5 7 9 11 12 16 22 23 30 32 33 34
9 10 30 31 32 36
2 3 6 21 23 30 33 34 36 41
2 9 20 30 33 38 43
0 1 3 6 11 13 15 17 22 23 25 26 28 29 30 32 33 34 36 41 43
5 13 21 22 32 34 43
2 3 4 5 9 11 12 13 15 16 21 24 30 32 34 36 41
2 4 6 9 10 11 13 16 21 23 25 30 31 36
3 31 33
0 3 6 16 21 22 23 29 33 34 36
2 3 4 5 6 8 9 16 17 28 31 36 40 41
3 6 11 12 16 23 25 33 41 43
2 4 5 6 9 10 11 12 13 15 16 22 30 32 34 36 40 41
2 4 5 7 9 11 12 20 21 23 25 28 30 33 34 41 43
2 3 4 5 6 8 9 11 13 15 16 22 28 31 36 40 43
2 3 4 5 6 9 11 12 13 15 16 17 21 22 28 31 32 34 36 40
1 2 4 6 9 10 12 20 23 25 28 30 31 32 43 44
3 4 5 9 13 31 34 36
2 3 6 15 16 19 22 23 24 26 27 28 31 32 33 38 39
2 4 5 7 9 10 11 12 13 14 16 17 18 19 21 23 24 28 29 32 34 35 36 39 43
0 2 4 6 7 9 11 12 13 16 17 20 21 23 24 25 28 29 31 32 34 36 39 40 41 43
2 6 9 16 24 31 32 33 34
30 31 33
0 1 3 9 13 14 15 16 19 20 21 23 25 26 27 28 30 31 32 34 36 38
2 3 4 5 6 9 11 12 13 16 20 22 23 30 31 34 36 41 43
2 3 6 11 13 16 23 25 30 31 32
1 2 3 4 5 6 13 16 19 22 23 26 27 30 32 33 34 35 36 40
2 4 5 9 11 12 13 16 20 23 25 28 31 32 34 35 36 38 43
0 6 7 22 31 32 34 43
2 5 9 13 16 20 24 28 30 31 32 34 41
0 2 6 7 9 10 11 13 15 16 19 21 22 25 26 31 32 35 36 38 39 40 43
0 2 3 4 6 7 9 11 12 15 16 17 19 21 22 23 26 27 31 33 40
0 1 2 4 5 7 9 10 11 13 16 17 21 22 23 26 27 31 32 34 35 36 38 41 43
1 2 4 5 9 10 11 12 13 22 23 28 29 30 32 34 43
4 5 9 10 11 12 13 22 25 26 28 30 34 43
0 3 4 6 9 11 12 16 21 22 33 36 41
0 3 4 6 9 11 12 16 22 33 36 41
3 4 5 7 8 9 11 12 13 14 20 22 28 29 32 34 35 36 44
4 5 7 9 12 14 16 17 19 21 25 27 31 34 42 43
2 4 5 6 11 22 25 33 34 36 41 43
4 5 9 11 13 21 23 28 31 34 36 39 43
3 4 5 6 7 9 11 12 13 16 25 28 29 34 36 41 43
2 4 5 6 7 9 11 23 24 28 30 32 34 41 43
7 11 21 22 33 34 38
2 3 5 6 7 9 10 12 16 19 21 28 30 31 32 34 36 41 43
4 5 9 10 11 12 13 15 16 18 21 22 24 32 34 36 41 43
5 9 11 12 16 23 25 34 36 41 43
2 3 4 6 7 11 12 13 15 16 21 24 25 30 31 32 36 41
2 4 5 6 7 9 11 13 15 16 17 18 20 21 23 24 25 26 27 28 29 31 32 34 36 37 40 41 43 44
23 33
3 7 9 10 15 16 19 20 22 23 28 30 32 33 34 35 43
3 5 9 12 13 23 30 33 34 36 43
2 4 5 6 7 8 9 10 12 13 16 23 25 29 30 32 34 40 41 43
3 4 10 12 13 19 21 23 26 28 33 34 36 40 41 43
0 8 13 30 33 43
3 12 16 17 21 28 30 33
9 11 21 23 25 33 34 43
33
2 3 4 5 6 10 12 20 21 25 30 31 32 41
2 4 7 9 11 12 16 21 23 25 30 33 34 41 43
2 6 11 16 21 28 33 34
0 2 3 4 5 6 9 10 16 23 24 25 30 32 34
6 22 23 25 30 33 34 36
2 3 4 5 6 9 12 13 16 22 28 30 31 32 36 42 43
7 10 12 13 20 21 23 28 30 32 33 34
2 3 11 21 24 33 34
13 14 15 21 25 30 31 32 41
0 2 3 4 5 7 9 10 11 12 13 19 20 21 22 25 26 28 29 30 31 32 36 38 41
2 4 5 11 12 16 23 25 28 30 31 32 34 36 41 43
4 7 9 10 11 12 14 19 20 23 28 30 32 33 34 41
5 6 9 10 12 13 14 16 21 22 23 28 31 32 34 35 36 38 40
5 9 10 12 13 30 32 34
2 4 6 11 12 21 22 23 25 33 36
4 5 7 11 12 25 31 33
0 2 3 4 5 6 7 8 9 10 11 12 13 14 15 19 21 22 25 28 29 34 35 40
5 6 7 10 11 13 18 22 23 28 29 30 32 34 36 43
5 6 7 11 13 21 23 25 30 32 34 43
1 4 5 6 9 12 13 18 20 21 23 24 25 26 30 31 32 34 36
33 43
0 3 4 6 7 9 10 13 15 16 20 22 23 25 26 27 28 30 31 32 34 35 36 40 41
3 11 12 15 22 28 31 33
3 4 12 13 23 28 29 30 33
0 1 2 4 6 8 11 12 13 15 16 19 25 26 27 28 31 35 36 37 38 39 40
3 4 5 9 11 16 24 30 31 32 34 36
22 25 30 33 41
2 3 6 7 12 13 15 16 18 20 21 22 24 25 28 29 30 31 32
4 7 9 10 11 12 13 23 24 30 32 33 34 43
0 3 4 8 9 11 12 22 27 28 30 31 32 33 36 41
2 3 4 5 6 7 9 11 13 16 22 34 36 41
2 4 5 6 8 9 13 16 17 20 21 23 24 25 28 29 30 31 32 34 40 42 43
0 2 4 5 6 9 10 13 16 17 20 21 22 23 24 25 27 28 29 30 31 32 34 35 39 40 41 42 43
2 3 20 30 31 32
3 4 6 8 12 15 21 22 23 30 33 40
2 3 5 6 11 13 16 20 23 25 28 30 32 34 36 43
2 21 23 25 28 30 33 41
3 11 22 33
15 17 22 25 33 38
0 4 5 13 30 31 32 34 36 43
0 2 12 16 31 32 33
3 6 11 19 22 26 27 28 30 32 33 36 38 41
2 4 6 7 9 11 13 16 20 21 23 25 28 31 32
1 5 13 15 31 35 39
3 4 5 9 13 22 23 25 30 32 34 36 43
2 3 6 8 16 22 30 31 32 33 34 41 43
6 11 26 30 31 32 34
4 6 7 11 21 23 25 30 32 33 41
0 6 13 15 20 22 23 25 27 28 29 30 31 32 34 35 36 39 41
0 2 3 4 5 6 7 9 10 11 12 16 18 23 30 32 41 43
0 1 5 6 23 28 30 32 34 35 43
3 21 30 33 36
0 3 4 11 16 21 23 25 33 36
2 3 6 7 8 12 13 16 17 19 21 22 23 26 28 29 30 31 32 34 35 36 38 41
3 13 30 32 33 43
0 2 4 5 8 11 12 13 16 17 19 21 22 26 31 34 36 43
2 3 4 5 6 7 8 12 15 16 17 21 22 23 25 26 27 31 35 36 40
2 3 5 11 12 21 23 25 30 31 32 33
2 3 11 12 16 25 30 31 33 41
2 4 5 6 7 9 11 12 15 16 22 30 31 32 36 40
1 2 3 4 6 7 15 16 19 21 22 23 30 33 36 38 39 40
0 3 4 6 16 22 23 30 33 39 40
2 3 4 6 7 11 12 23 28 31 33 36 40 41 43
0 2 3 5 7 9 10 13 14 17 21 22 24 25 28 29 30 31 34 36 43
0 1 2 5 7 9 10 13 14 15 16 19 20 22 23 24 25 26 28 29 30 31 32 34 36 40 41 43
3 7 12 19 21 23 25 30 33 34
2 3 5 11 12 16 17 21 23 25 30 31 32 34 36
4 6 7 10 21 22 23 25 30 32 33 34 39 41 43
2 11 33 34 36
0 1 2 4 5 9 11 12 13 15 16 18 19 20 21 22 23 25 28 29 31 32 36 39 40 41
0 2 3 4 5 8 9 10 11 13 16 22 26 27 28 31 36 37 40 41 43 44
2 3 5 6 8 12 16 19 31 33 41
5 6 31 32 40
2 3 6 8 10 11 12 13 15 16 22 23 29 30 33 36 41
3 12 13 16 21 25 28 29 32 33 34 36 40
2 3 6 21 22 23 25 32 33
2 4 6 11 13 14 16 23 25 30 33 36 44
0 4 6 11 12 13 21 22 23 33 36
2 3 4 5 6 7 9 10 13 15 16 18 19 21 22 24 25 26 28 31 32 34 37 39 40 41 42 43 44
2 4 5 6 9 10 11 12 13 16 17 18 19 21 40 43
2 3 4 5 6 7 8 9 11 12 13 16 17 22 23 28 31 32 33 34 36 43
0 2 3 4 9 11 12 21 22 23 28 30 32 33 36 37 43
3 6 12 21 22 23 25 30 31 32 37
2 3 4 5 6 7 8 9 10 11 12 13 16 22 23 27 29 30 31 32 36 41 43
6 32 33 43
4 7 11 12 13 20 21 23 30 31 32 33 39 41
2 3 5 6 13 15 16 19 22 24 25 27 28 30 31 32 34 36 38 43
2 3 5 6 13 15 16 18 22 24 25 27 28 30 31 32 34 36 41 43 44
5 6 12 13 16 17 21 22 33 34
6 33
5 9 29 32 33 34 39
2 4 5 7 9 11 12 13 15 16 21 23 25 28 31 34 36 40 41 43
0 1 2 3 4 5 6 7 8 9 10 11 12 13 15 16 19 21 22 23 24 25 26 28 31 35 36 37 41 42 43
2 5 6 9 12 21 23 30 31 32
3 5 8 9 13 22 24 25 30 31 34 36 44
0 2 3 4 5 6 7 9 10 11 12 13 16 21 22 26 28 29 31 32 34 36 38 41 42 43
2 3 4 5 6 8 10 15 16 21 23 25 26 35 36 37 38 40 43
4 6 9 11 23 25 30 31 32 36
2 16 21 25 33 43
1 2 4 5 7 9 12 15 16 19 21 25 38 40 41 43
3 11 25 33 41
2 3 4 5 6 7 9 11 13 23 28 30 34 39 40 43
3 4 5 6 7 9 11 23 24 25 28 32 33 34 36 40 41 43
4 5 6 7 8 9 11 12 13 14 15 16 17 19 21 22 24 28 31 34 36 40 41 43 44
5 6 7 9 11 12 13 14 15 16 17 24 28 31 34 36 43
2 3 7 12 13 15 18 21 23 25 30 31 32 34 41
2 3 4 7 9 12 16 19 21 22 23 25 31 32 33 38
2 3 6 7 11 25 28 33 34
2 4 5 6 8 11 12 13 31 33 36
3 6 15 27 31 33 34 37
1 2 3 4 6 7 20 21 22 25 28 30 31 32 34 36 42
0 2 3 4 5 6 7 16 17 20 21 22 25 26 27 28 29 30 31 32 34 35 36 38 39 41 42 44
4 5 9 10 11 13 14 21 23 25 30 32 36
2 3 7 8 10 13 15 16 23 26 30 33 34 36 38 39 41
3 11 12 13 23 30 33 39 40
3 11 12 13 15 16 17 21 23 25 26 27 28 30 33 36
1 6 13 20 23 25 28 30 31 32 34
2 3 4 5 9 11 20 24 25 34
2 6 8 25 33 34
3 6 12 25 30 32 33 41
2 3 4 5 6 9 20 23 25 28 30 31 32 34 36
2 3 4 5 8 9 11 12 16 17 23 26 31 32 33 36 40
0 4 5 6 7 9 10 13 14 21 22 23 26 28 32 34
3 6 10 13 23 24 25 26 29 30 31 32 33 34 38
2 3 5 6 9 12 13 22 30 32 34 36 40 41 43
3 12 20 21 23 28 32 33 39
3 5 6 9 11 13 20 28 31 32 36
3 11 18 23 31 33
0 2 3 4 5 6 9 10 12 13 14 15 16 22 25 26 28 31 32 35 36 40
0 1 3 4 6 9 10 13 16 19 28 32 34 36 40 43 44
0 4 5 6 8 9 10 12 13 17 19 25 26 28 31 35 36 37 38 39 40 43
0 6 7 11 19 22 23 30 33 36
2 3 4 9 11 22 27 31 33 36 41 43
6 30 33 34
21 23 25 31 33
13 23 25 30 32 33 34 36 43
4 5 7 9 10 12 13 30 33 34 42
6 9 10 13 16 30 31 32 34 41 43
2 5 9 13 16 20 30 31 32
2 3 4 5 6 9 11 12 13 20 21 23 31 33 43
6 7 9 10 13 16 17 20 21 24 25 26 30 32 34 36 41 43
2 3 4 5 8 9 11 16 20 21 22 23 25 27 28 29 30 31 32 41 43
3 5 7 11 12 21 23 25 28 29 30 32 33
0 6 12 22 23 33
1 5 23 24 25 28 29 30 32 34 35 38 40
0 2 3 5 13 22 25 31 32 34 36 41 42 43
3 5 6 9 13 16 23 24 25 29 30 31 32 34 36
2 3 6 11 12 13 16 22 23 29 30 31 32 33 34 35 36 41
2 3 4 5 6 7 8 9 11 12 13 16 19 20 22 31 36
2 3 4 5 9 10 13 20 23 25 28 31 32 34 35 38 42 43
0 3 4 9 11 23 25 26 28 33
2 4 5 6 9 11 12 13 16 21 22 23 24 30 31 34 36 41 43 44
1 2 4 5 9 10 11 12 13 16 21 25 36 41 43
0 12 13 15 16 17 19 21 25 26 27 31 33 34 35 38 40 43
1 2 3 4 16 21 33 35 40
4 9 22 25 30 34 41 43
12 17 21 22 23 30 32 33 34 41
11 12 21 23 25 28 33 43
2 4 5 6 9 11 12 13 16 23 25 31 33 34 36
2 4 6 7 10 11 12 13 16 21 23 30 36 43
2 4 5 7 9 11 12 13 16 20 25 30 32 33 34 42 43 44
0 6 23 25 31 32 36
1 4 5 12 23 31 32 33 38
6 13 21 23 28 30 32 43
0 2 3 4 5 6 7 10 13 16 17 19 21 22 23 26 27 30 31 32 35 36 37 38 40 41
2 3 4 5 7 12 16 17 22 23 25 28 30 31 32 33 41
0 3 6 12 13 23 31 32 36
0 4 5 8 9 12 13 16 17 27 30 32 34 35 40 43
6 12 17 19 21 22 23 33
3 6 12 16 21 22 23 33 40
3 4 5 6 8 10 11 12 13 15 16 21 24 25 26 28 29 30 31 32 34 36 37 38 43 44
3 4 5 6 8 9 10 11 13 15 22 24 25 28 30 31 32 34 36 41 43 44
0 4 5 7 9 11 12 13 16 30 31 32 34 35 36 38 41 43
2 3 4 5 8 9 11 16 22 23 25 27 28 29 30 31 32 36 40 41
2 3 11 12 22 23 25 33
2 9 11 13 20 25 28 30 31 32 34 36 37 43 44
3 4 6 9 11 13 14 33 34 43
3 9 12 16 19 20 21 22 23 28 29 30 32 33 34 43
0 2 3 4 5 6 7 9 10 11 12 13 16 23 30 40 41 43
4 5 7 9 10 12 21 22 25 31 32 33 43
4 5 7 9 10 14 32 34 36 41 43
2 4 6 9 10 11 12 13 21 23 33 34
0 1 2 4 5 7 9 11 15 16 17 19 21 22 26 27 31 32 37 38 39 41
5 6 7 9 10 13 23 30 32 37 43
3 5 6 9 10 13 16 21 23 30 31 32 43
2 6 9 16 30 32 33 36
2 4 10 11 16 19 21 32 33 34 43
0 5 9 18 19 22 24 31 32 41 43
2 4 7 9 10 11 12 13 15 16 20 23 25 26 28 30 32 33 34 41 43
3 4 5 6 7 9 11 13 21 33 34 43
2 3 8 12 13 15 16 17 19 26 27 31 33 34 36 38 40 41
3 9 10 12 13 30 31 32 34 41
0 2 5 6 8 9 10 11 13 23 31 34 36 39 40
4 5 6 9 10 11 12 13 22 30 31 32 36 42 43
5 9 10 11 16 21 23 33 34 36 40 43
0 1 2 3 4 5 6 7 9 10 11 12 16 21 22 23 33 36 41
1 2 4 5 9 12 13 16 20 22 23 25 26 27 31 32 35 36 41 42 43
2 5 7 9 10 11 12 13 16 21 31 33 34 41 43
21 31 33
0 2 3 4 5 7 9 12 13 20 21 23 24 25 30 31 32 34 36 41 42 44
4 5 9 12 13 24 28 34 36 41 43
2 3 4 5 6 9 11 12 13 14 22 28 31 34 36 40 41 43
1 2 3 5 6 7 11 12 13 14 15 16 21 22 28 31 34 36 37 40 41 43 44
3 6 9 11 12 16 21 22 33 34 36 41 43
6 12 22 31 33
4 5 6 8 11 23 25 30 33 34 36 43
0 2 3 6 8 11 12 15 16 22 31 33 43
2 3 5 6 11 13 16 21 23 30 32 33 41
2 4 9 10 11 13 22 33 36
3 5 6 9 11 13 16 21 23 29 30 31 32 33 34 36 41 43
3 6 7 11 16 17 23 25 28 29 30 31 32 34 36 39 40 41
3 12 13 24 28 30 31 32 33 43
12 30 33 34 39 41 43
3 4 6 11 13 21 22 23 33 35 36
0 2 3 7 31 32 36 43
2 3 4 9 12 13 15 21 22 23 25 28 30 31 32 33 34 35 37 43 44
2 4 7 9 12 22 23 24 28 29 30 32 33 41 43
2 4 6 7 9 11 12 13 15 16 17 18 20 21 25 26 27 28 30 31 32 36 43
0 3 7 12 16 21 22 23 28 33 36 39 41
6 11 28 30 31 33 40
2 4 11 12 21 26 31 33 34 36 41
1 3 5 10 16 19 22 23 25 30 32 33 36 38 41 43
2 7 12 21 33 34 36
3 5 7 8 9 10 11 13 16 17 21 27 30 31 34 36 40 41 43
2 4 7 9 12 13 16 21 23 25 29 30 31 32 42
3 6 16 17 23 33 34 38
0 2 3 4 5 7 9 10 11 12 13 16 18 19 20 21 22 25 26 27 28 29 31 32 36 41
3 5 11 15 16 25 33 36 41
2 9 11 13 14 15 19 22 23 25 30 33 34 36 38 43
2 5 12 16 21 23 25 28 31 32 34 36 41 42
3 16 21 23 29 30 31 32 33 34 43
0 3 6 11 12 16 23 25 31 33
0 1 2 4 5 6 9 10 11 13 14 16 18 19 21 22 23 26 28 29 30 31 32 34 35 36 43
2 4 9 10 16 21 23 32 33 41 43
3 4 6 12 15 21 22 23 27 28 30 36 41
4 5 7 9 11 13 16 17 21 22 23 28 30 34 41 43
3 4 5 9 10 11 12 13 22 23 30 31 34 36
2 6 12 16 21 23 25 30 33 41
3 4 5 9 19 26 30 32 33 34 37 43
0 2 7 9 12 15 21 22 23 33 35
22 30 33 43
2 3 11 12 21 22 25 33 39
1 2 3 4 5 6 7 8 9 10 12 13 15 16 17 23 25 28 29 31 32 36 39 41
0 2 3 5 6 7 9 12 13 15 16 19 20 21 24 25 26 28 30 31 32 35 36 38 40 41
3 11 12 16 21 22 23 25 26 27 30 33 34 35 40
2 3 4 5 11 16 25 33 34 36
3 4 6 7 11 12 16 17 21 27 33 40
12 15 21 31 32 33 41
3 4 5 9 10 16 23 25 26 28 31 32 34 36 43 44
2 3 4 5 6 8 9 10 11 13 16 22 26 28 33
2 3 4 5 6 7 9 11 12 13 14 30 31 41
2 3 4 5 6 9 10 11 12 13 15 23 24 28 30 36 40
5 6 13 23 30 33 34
5 7 9 20 23 24 28 30 31 32 36 43
2 6 16 22 29 30 31 32 33 37
3 5 6 7 8 9 11 12 13 14 19 22 24 25 27 28 30 31 32 34 36 40 41 43
2 3 4 9 11 12 13 16 20 23 30 31 34 43
11 15 16 21 23 25 33 36 43
0 22 28 33 39
2 4 5 6 9 11 12 13 16 22 28 29 34 41
2 4 5 11 13 15 22 23 25 28 31 33 36
2 3 4 5 11 12 13 16 33 36 39
1 2 3 4 12 16 23 25 28 32 33 34 36
2 3 4 5 6 8 9 15 16 17 19 24 28 31 36 40 41 43
5 6 12 20 21 24 30 31 34 43
2 4 5 6 9 11 13 24 29 32 33 34 36 43
1 2 4 5 6 9 11 12 13 15 16 17 19 22 23 25 26 31 34 35 36 38 41 42
3 4 5 9 11 12 13 16 20 23 30 31 32 34 36 43
0 2 3 4 6 9 11 16 21 23 25 33 43
0 3 4 6 11 12 23 28 31 32 33 34 36
2 3 4 5 6 8 9 10 11 12 13 16 19 22 25 28 29 31 36 40 41 43
2 3 4 5 6 8 9 11 12 13 16 22 27 28 29 31 32 36 41 43
12 28 33 41
3 5 6 7 12 16 22 24 32 34 36 37 41 43
3 22 31 33 35
2 5 13 17 31 33 36
2 5 11 13 15 16 18 19 25 27 28 31 34 36 40 43
2 5 7 13 15 16 17 25 28 31 40 43
1 2 5 7 10 11 15 16 18 19 21 22 26 28 30 33 35 36 39 40 41
5 10 11 18 28 33
3 12 33 36 41
22 25 30 33 34
2 4 5 6 7 9 11 12 13 16 36 37 43
7 9 10 12 21 23 25 26 31 32 33
