0 1 2 6 7 8 9 10 12 13 14 15 16 17 18 20 21 23 24 26 27 28 31 32 34 36 37 38 42 44 46 47 48 49 50 51
2 4 8 9 17 21 23 24 27 35 38 41 43
0 1 2 3 5 10 12 13 14 15 16 18 20 21 23 24 25 26 28 29 30 31 34 36 37 38 40 42 46 47 48 50 51
0 2 6 8 9 10 13 15 16 18 20 23 24 25 26 28 31 32 34 36 37 38 40 42 46 47 48 50 51
0 1 2 4 5 7 8 11 12 13 14 15 18 19 20 23 24 25 27 30 31 32 35 38 39 40 41 42 43 44 46 47 48 49 51
3 6 9 10 15 16 18 19 20 23 24 25 29 32 34 36 39 41 42 45 47
2 3 4 6 8 9 13 16 17 22 23 24 26 27 28 29 32 33 35 36 37 38 39 40 41 42 43 44 45 48 49 50 51
1 2 3 5 6 7 8 9 10 12 14 15 16 18 19 20 21 22 23 26 27 28 29 30 31 32 33 36 37 40 42 43 46 48 49 51
9 10 15 23 24 25 27 36 40 42 45
2 5 6 23 24 27 31 32 35 38 39 40 41 43 44 45 46 49 51
0 1 2 4 5 7 8 9 10 12 13 14 15 16 18 19 20 22 23 28 29 31 32 41 43
1 5 7 8 9 10 12 13 14 16 17 18 19 20 21 25 27 28 31 32 33 36 38 39 40 41 46 47 49 51
0 1 2 3 4 6 7 8 9 10 11 13 14 15 16 18 20 21 22 23 24 27 28 29 32 34 36 38 39 40 41 45 47 49
14 15 16 19 20 21 25 38 39 40 41 42 43 44 48
1 2 3 4 6 8 9 14 16 19 21 25 33 36 38 40 41 42 45 46 47 48 50
1 2 14 15 16 19 20 24 25 36 38 39 40 45 46 51
2 4 12 13 23 27 31 34 35 36 37 39 40 41 42 45 47 49 50 51
0 2 3 5 9 11 15 17 18 19 20 22 31 33 34 36 39 41 47 51
0 1 2 4 6 7 8 9 10 11 12 13 14 15 17 18 19 20 21 22 23 24 27 28 31 32 33 35 38 39 40 41 46 47 48 49 50
0 1 2 6 7 8 9 10 15 16 18 20 22 23 24 27 30 32 33 36 38 40 42 43 44 46 48 49
2 4 6 36 43 45 49
2 4 6 8 11 21 23 24 32 33 34 36 40 42 45 47 49
0 2 3 4 6 7 9 10 11 12 14 15 16 17 18 19 20 22 23 24 32 35 37 38 43 44 49 50
4 6 16 21 24 25 27 28 32 35 45 50 51
1 2 6 7 10 11 12 13 14 15 16 17 18 19 20 21 22 23 24 25 27 28 31 32 34 36 39 41 42 46 47 49 50
0 1 6 8 9 10 15 16 18 19 20 21 22 25 26 27 28 29 33 36 37 38 41 42 45 46 47 50 51
0 1 2 4 5 6 7 8 9 10 11 12 13 14 15 16 18 19 20 21 23 27 30 31 32 34 36 37 43 48 49 51
0 1 4 7 8 9 12 13 14 18 19 21 22 23 24 25 27 28 29 32 33 34 35 37 42 43 44 46 47 48 49
0 1 3 7 8 10 12 13 22 23 24 28 31 35 36 39 40 41 42 43 44 46 49 51
3 4 5 7 12 13 14 18 24 31 44 47 49
2 4 12 13 23 32 35 36 37 38 39 45
1 2 3 5 6 7 8 9 10 12 13 14 15 16 17 18 19 20 21 22 25 26 27 28 29 30 31 32 33 36 38 39 41 42 43 46 47 48 49 51
1 2 3 5 7 8 9 10 13 15 16 17 18 21 22 23 24 26 27 29 30 31 32 33 36 37 38 42 43 44 46 47 48 49 50 51
0 1 9 12 14 16 17 19 20 22 25 32 35 38 40 42 45 47 49
11 23 39 40 41 43 44 45
3 4 5 10 11 12 15 17 18 20 21 24 30 32 33 35 38 39 40 41 42 43 44 46 47 49
1 2 3 4 6 7 8 9 10 13 14 19 20 21 24 25 27 29 30 32 34 36 40 42 43 46 47 48 50 51
1 2 4 6 17 22 23 24 27 30 32 35 38 39 40 41 42 43 44 46 48
1 2 3 4 5 7 8 9 13 16 18 19 22 25 29 30 31 34 36 39 40 41 42 45 47 49
1 2 3 5 7 8 9 10 11 12 13 14 15 17 18 19 20 21 22 25 27 28 29 30 31 32 36 39 43 44 46 47 48 49 51
5 6 12 13 22 23 24 26 36 38 39 41 42 43 44 47 51
0 2 8 10 12 14 15 16 18 19 20 24 30 31 32 35 38 39 40 41 42 43 46 47 48 50
0 1 5 7 8 12 13 14 18 23 26 27 30 31 32 33 35 38 39 41 43 44 49 51
0 1 2 3 4 5 7 8 9 10 11 13 18 19 21 22 25 26 27 28 29 32 33 34 36 39 41 43 45
1 2 5 6 7 8 9 10 11 12 13 14 15 18 20 21 22 25 26 27 31 32 33 34 36 42 43 44 46 47 48 50 51
0 1 2 3 5 6 7 8 9 10 12 13 14 15 16 17 18 19 20 21 25 27 28 30 31 34 36 37 38 39 41 42 46 47 51
0 2 6 7 8 9 10 13 14 15 19 20 21 25 27 28 30 31 34 37 38 40 42 47 51
4 6 7 8 10 18 21 22 23 24 27 28 29 32 34 35 38 40 45 49 50
2 4 6 7 8 10 11 18 21 23 24 27 28 29 32 34 35 38 45 49 50
0 2 4 7 8 9 10 12 13 14 15 16 18 19 20 21 23 24 26 27 28 30 31 34 35 36 39 41 42 46 47 49
1 3 7 10 12 14 15 16 18 24 26 28 29 31 32 33 35 36 38 39 42 43 44 46 47 49 51
0 1 2 6 8 10 16 18 19 20 21 23 24 27 34 40 45 47 49 50 51
7 8 9 10 12 13 14 15 18 19 23 27 30 31 36 37 39 42 43 47 49 51
0 2 3 4 6 8 9 12 13 14 15 16 17 20 22 24 25 26 27 28 29 31 32 37 38 42 46 47 48 49 50 51
1 2 6 8 9 10 13 14 15 16 17 18 19 20 21 23 24 25 26 27 36 39 40 41 46 47 50 51
9 12 13 18 19 20 22 23 25 26 27 33 45 46 47
0 1 3 6 8 10 12 13 14 15 16 17 19 20 21 22 23 24 25 26 28 29 31 32 36 37 38 39 40 41 42 43 44 46 48 49 50 51
1 2 3 6 7 8 9 10 11 13 14 15 16 17 18 19 20 21 22 25 27 28 31 32 33 34 38 46 47 49 50 51
0 3 6 12 14 15 16 18 19 20 22 25 27 28 29 32 36 38 41 42 46 47 49 50 51
0 3 4 5 7 8 10 12 13 16 22 25 26 27 28 29 30 31 32 33 35 38 39 40 41 43 44 48 49 50
0 1 5 7 8 9 10 11 12 13 14 15 17 18 19 20 21 22 23 24 25 26 27 30 31 32 35 37 38 39 41 42 43 46 47 48 49 50 51
2 6 16 25 36 45
2 4 6 7 8 9 11 13 16 18 20 21 22 23 26 29 32 34 36 37 39 40 41 45 46 47 51
1 4 6 7 14 18 19 20 23 28 31 36 39 40 41 42 45 47 51
0 1 3 5 7 9 10 11 12 13 14 15 16 18 19 20 22 23 24 25 26 28 29 30 31 32 35 36 38 39 40 41 42 46 47 49 50 51
2 4 7 8 9 11 12 13 16 21 22 25 28 29 30 31 33 36 37 40 42 45 47 49 50 51
22 30 36 40 45 51
3 4 11 22 28 32 33 36 37 40 45
5 6 8 12 15 19 20 23 27 33 35 36 38 39 41 42 45 47 51
5 13 14 18 42 45
1 2 4 6 7 9 10 12 15 16 17 18 19 20 22 23 24 28 29 30 35 38 39 40 41 42 43 44 46 50
0 1 3 6 7 8 9 10 15 16 19 21 24 26 27 28 32 33 35 36 38 39 40 41 45 46 47 50 51
0 1 2 6 8 10 21 22 23 24 25 27 32 33 35 37 38 39 45 46 47
1 2 4 5 7 8 12 15 18 22 23 30 32 35 36 38 39 40 41 42 46 47 48
1 2 6 21 25 34 35 40 45 47 49
1 4 6 7 10 12 13 14 15 16 17 18 20 25 28 30 31 32 34 37 39 40 43 44 48 49 51
0 3 6 9 11 15 21 22 25 26 28 29 31 33 35 37 38 39 41 42 45 46 47
0 2 4 6 8 9 16 20 21 23 24 27 33 45 47
0 12 17 25 30 31 33 38 39 40 41 42 43 44 46 48 49 50
0 3 4 5 6 7 8 9 10 11 12 13 14 15 16 17 18 19 20 21 22 23 24 26 27 28 29 31 35 37 38 39 40 41 42 43 44 48 49 50
0 1 2 3 6 9 10 12 15 16 17 18 19 20 24 27 28 32 36 37 38 39 40 41 43 47 49 50 51
1 2 4 5 7 9 10 11 13 15 16 18 20 21 23 24 27 28 31 36 38 39 40 41 42 45 46 47 50
0 2 9 10 12 13 14 15 16 17 18 19 20 23 24 28 31 32 35 36 38 39 41 42 43 46 47 49
1 2 6 12 14 15 16 17 19 20 23 24 28 31 38 39 41 42 46 47
0 1 3 7 9 10 17 18 21 22 25 27 28 29 33 34 35 45 49
0 7 10 15 16 21 25 26 27 28 43 45
0 1 2 4 5 6 7 8 9 10 11 13 14 15 16 17 18 19 21 22 23 24 26 27 28 29 30 31 34 37 40 42 43 46 47
12 13 14 15 16 18 19 20 22 23 24 26 27 31 34 36 37 39 40 41 42 46 47 48 49 51
2 3 5 12 13 14 15 16 18 19 20 22 23 24 26 27 31 33 36 39 40 41 42 46 47 49 51
3 7 10 11 12 13 14 15 16 18 19 20 23 24 25 28 31 33 35 38 39 40 43 44 46 47 49
2 6 16 25 36 40 41 45 51
2 3 4 5 7 11 12 13 18 20 21 22 23 24 26 30 31 32 36 37 38 39 40 41 42 43 44 46 47 48 49 50
2 4 5 6 7 8 12 13 14 16 19 21 23 24 27 28 29 34 37 43 45
0 3 4 5 7 9 12 13 25 28 29 30 31 32 35 37 40 45
0 1 5 7 10 19 21 22 25 27 29 30 32 37 43
0 2 3 4 5 6 7 8 9 10 11 12 13 14 18 19 20 21 24 27 32 35 38 39 41 42 43 44 46 47 48 49
0 6 15 19 21 23 34 35 40 45 50
0 3 4 8 10 11 14 15 16 17 20 21 22 24 25 26 28 29 30 31 32 33 35 37 38 39 40 41 43 44 46 48
2 3 6 7 8 9 10 15 16 17 18 20 21 23 24 26 27 28 29 31 36 39 40 41 42 45 46 47 51
0 2 3 4 5 6 7 8 9 10 11 13 17 19 21 25 27 29 30 34 35 40 43 45 46 49 50
0 1 2 3 4 6 7 8 9 10 11 12 13 14 15 16 19 23 24 27 31 32 34 42 47 49 50
0 1 5 7 8 10 12 13 14 15 16 17 18 20 22 24 25 30 31 32 33 35 36 37 38 39 40 41 42 43 44 47 51
0 3 5 7 8 10 12 13 14 16 17 18 20 22 25 29 30 31 32 33 34 35 36 37 38 39 40 41 42 43 44 46 47 50 51
1 4 6 9 17 20 23 35 38 39 40 41 44 46
3 4 6 7 10 22 25 28 29 33 34 35 40 45 49
0 1 4 5 7 8 12 13 16 18 19 24 25 27 30 32 35 36 37 38 39 40 42 47 49 51
0 1 2 6 9 15 22 23 24 33 35 37 40 45 46 49 50
0 1 4 13 22 24 25 27 34 35 45
0 1 6 10 15 20 25 34 35 39 41 45 46
2 3 5 6 7 9 12 13 14 18 19 20 21 23 31 38 39 40 41 43 44 46 47 48 49 51
1 2 9 11 23 24 29 32 35 39 41 42 45
0 2 4 5 6 11 13 17 19 22 25 27 28 29 34 39 40 43 45 46 49 50
0 1 2 3 5 6 7 8 9 10 11 13 15 16 18 21 22 23 24 26 27 31 32 33 36 38 42 43 44 46 48 49
0 13 14 15 25 31 43
3 4 5 6 7 8 9 10 11 12 13 14 15 18 19 20 21 24 31 34 35 39 40 41 42 46 47 48 49 51
0 1 2 3 4 6 8 12 13 16 23 24 32 34 35 38 39 41 42 43 45 47 50 51
2 11 14 15 16 21 23 24 25 27 36 39 40 41 42 43 44 47
1 2 6 7 8 9 10 16 19 22 25 26 27 33 35 36 39 40 41 45 50
3 4 5 8 11 12 14 17 20 25 28 30 31 35 36 37 38 40 42 43 44 46 47 48 49 50
0 2 3 4 5 6 7 8 9 10 11 13 15 16 17 18 21 22 24 25 26 27 28 29 31 32 36 39 40 41 50 51
2 5 12 13 15 16 17 19 20 23 31 36 38 39 40 41 42 43 47 51
2 4 22 23 24 33 36 40 45
1 2 4 6 7 10 18 19 21 25 27 32 33 35 45 49
3 4 11 12 19 22 24 25 26 28 29 30 31 33 36 37 39 41 43 44 46 47 48 49 50
4 9 15 16 31 36 39 40 41 42 45 51
0 1 2 6 8 9 10 14 15 16 17 18 19 20 21 22 23 24 25 27 28 31 32 33 34 35 36 43 44 47 49 51
0 2 3 4 5 7 8 9 10 13 15 18 19 22 24 25 26 28 29 30 32 33 34 35 43 48 49
1 4 12 14 18 22 27 29 33 36 38 40 43 45
0 1 2 4 6 8 10 13 16 17 18 21 25 27 29 32 40 43 45 50
0 1 2 3 6 7 8 9 10 14 15 16 17 18 19 20 21 22 25 26 27 28 29 32 36 38 39 41 42 43 44 46 48 49
0 2 4 5 9 11 17 22 23 24 26 31 32 33 34 36 40 43 44 45 46 49
0 2 4 5 7 9 11 13 16 22 23 24 32 34 36 40 45 46
1 2 3 4 5 6 7 8 9 10 13 16 18 21 25 26 27 28 29 36 37 43 45 49 50 51
0 1 4 5 6 8 10 11 12 13 14 15 16 17 18 19 20 25 26 30 31 34 35 37 39 40 42 43 47 48 49 51
0 1 2 3 5 6 8 11 12 13 14 15 17 18 19 20 25 26 31 32 34 35 37 39 40 42 43 47 48 49 50 51
0 4 6 11 21 23 26 28 33 35 38 40 41 45 47
3 4 5 6 8 9 10 12 14 18 19 21 22 25 27 29 32 33 35 39 40 41 42 43 44 47 48 49
8 9 12 13 22 25 26 34 36 42 45 46 47 50 51
0 1 15 16 19 23 24 27 36 38 45 47 48
0 1 2 5 6 7 8 9 10 12 13 15 18 19 20 21 22 23 27 28 29 30 31 32 33 35 37 38 39 40 42 43 44 46 48 49 50
0 2 4 5 6 7 8 9 10 12 13 14 15 16 18 19 20 21 23 24 25 27 30 31 32 34 36 37 38 43 44 49 50 51
1 2 4 7 11 18 22 25 29 32 36 43 44 45 50
1 2 7 18 22 25 29 36 40 43
0 2 4 6 8 13 16 19 20 25 27 28 30 32 34 36 39 40 41 42 45 46 49 50
3 4 8 13 19 23 28 30 32 37 38 39 41 45 46 47 48 49
0 1 2 4 11 13 19 22 33 34 35 38 41 42 45
1 6 7 9 10 12 16 18 20 21 23 27 31 32 35 39 40 41 45 46 49
2 6 7 8 9 10 12 18 19 21 25 27 28 31 33 34 36 45 48
0 1 4 7 10 11 12 13 14 16 17 18 19 20 22 24 30 31 32 33 35 37 38 39 40 41 42 43 44 46 47 48 49 50 51
1 2 3 6 7 8 9 10 12 14 16 17 18 19 20 21 22 23 24 27 28 31 32 33 36 46 51
0 1 2 4 5 7 8 9 12 13 15 16 18 21 23 26 27 28 29 30 31 32 36 37 38 42 44 45 46 47 51
0 1 2 3 4 6 7 8 9 10 13 16 21 23 27 28 31 33 34 36 37 39 40 41 45 48 49 51
4 25 28 33 34 35 39 41 43 44
0 1 2 4 6 7 8 11 12 13 14 17 19 20 21 25 26 27 28 29 30 32 34 36 40 41 42 43 46 48 49 50 51
0 1 22 25 35 45 51
0 2 3 6 7 9 10 12 14 15 16 17 19 20 22 25 26 27 28 29 31 33 35 36 38 39 40 41 42 45 46 50
0 2 4 5 8 10 11 12 13 14 20 21 23 24 25 30 31 32 34 35 37 38 39 40 42 43 44 46 47 48 49 51
0 2 4 5 6 10 12 13 14 20 21 23 24 25 30 31 32 34 35 37 38 39 40 42 43 44 46 47 48 49 50 51
3 12 13 14 15 16 18 19 20 22 25 28 30 32 34 38 41 42 45 46 47
0 8 25 40 45 49
12 15 18 19 20 23 24 36 39 41 42 45 46 47
0 1 2 3 5 6 7 8 9 10 12 13 14 15 16 18 19 20 21 22 23 26 27 28 29 30 31 32 33 35 37 43 47 49 50 51
0 1 2 4 5 6 7 8 9 10 11 12 13 14 15 17 18 19 20 21 22 24 26 27 28 29 30 31 32 33 34 35 36 38 39 41 43 44 46 48 49 50 51
1 2 8 9 11 13 14 15 22 23 24 25 28 33 36 39 40 41 42 43 44
2 4 11 12 14 15 17 19 20 21 25 30 34 35 38 40 41 42 43 44 46 47 49
1 4 7 8 9 10 12 13 14 15 17 18 19 20 21 22 24 25 26 27 28 30 31 32 34 35 37 38 39 41 42 43 44 46 47 48 49 50 51
1 2 4 5 6 7 8 9 10 13 16 18 19 20 21 22 24 25 32 33 35 38 39 41 42 48 49 51
6 7 10 18 20 21 22 23 24 27 35 38 39 41 43 44 48
0 1 6 8 10 16 19 20 21 23 24 32 33 45 51
0 1 2 3 5 7 9 10 12 13 14 15 18 19 20 21 22 23 26 28 30 32 33 35 44 50 51
2 4 6 8 9 10 16 21 22 25 27 45 50
0 1 2 3 4 5 6 7 8 9 11 12 13 14 15 17 19 20 21 23 24 26 27 30 31 36 37 40 47 49 51
2 4 5 6 7 8 9 11 12 18 19 21 23 24 27 35 37 38 41 42 45 46 47 48 49 50 51
1 3 5 7 8 9 11 12 13 14 15 16 17 18 19 20 21 22 24 25 26 27 28 29 30 31 32 34 37 38 41 43 44 46 47 48 49 50 51
0 2 3 5 7 9 12 13 14 15 16 18 19 20 22 24 25 26 27 28 29 31 32 38 41 43 44 46 47 49 51
0 1 3 4 8 9 11 12 13 14 16 18 19 20 22 23 25 26 28 31 33 36 38 39 40 42 43 46 47 50
1 3 4 7 8 9 10 13 16 19 21 22 25 26 28 32 33 35 45
0 1 2 6 8 10 17 18 25 26 27 29 39 40 41 42 45 46 47
0 1 6 7 8 9 10 12 14 15 16 18 19 20 21 25 27 28 30 31 43 45 46
4 13 20 25 35 42 45 47
2 4 5 9 10 11 12 13 14 17 18 20 21 22 24 25 26 28 33 35 37 38 39 40 41 42 43 44 46 47 49
2 4 5 7 9 10 12 13 14 17 18 20 21 22 24 25 26 32 35 37 38 39 40 41 42 43 44 46 47 48 49 50
1 6 7 8 9 10 11 14 16 18 19 20 21 23 24 27 31 33 36 39 40 41 42 46 49
0 1 4 6 9 11 12 13 14 15 19 21 22 23 26 29 30 31 32 36 40 43 45 46 47 49 50
0 4 5 7 11 12 13 15 16 21 25 27 28 29 30 31 35 40 45 49
4 5 7 12 13 15 16 21 22 25 27 28 29 30 31 32 33 35 37 40 45 49
3 12 18 19 24 31 35 37 39 40 41 42 43 44 46 47
0 1 2 4 6 7 10 12 13 14 15 17 20 21 23 27 38 42 46 47
0 1 6 11 23 24 36 38 45 47
0 4 6 16 25 28 35 40 41 42 45 50
1 4 6 7 8 9 10 12 13 14 16 17 19 20 21 23 24 35 38 39 40 41 42 43 44 46 47 48
1 2 4 5 6 7 8 9 10 11 12 13 14 18 21 22 27 31 32 36 43 44 45 49
0 1 2 5 7 9 10 11 13 14 15 16 17 19 20 21 23 24 26 30 31 33 34 36 39 42 43 46 47
2 4 10 16 21 22 24 28 30 31 35 36 38 39 41 42 43 44 45 46 47 48
0 1 2 6 10 13 14 15 16 17 18 19 20 24 25 28 31 34 36 38 39 40 41 42 46 47 49 50 51
0 3 4 5 12 13 23 28 29 36 37 39 41 42 43 45
3 4 8 10 12 13 14 16 17 18 20 24 31 37 38 41 43 44 48 49
4 13 17 25 27 36 40 42 43 45
0 1 2 4 7 8 9 10 12 13 14 15 18 19 22 23 29 31 32 34 37 38 39 41 43 48 49
2 4 5 7 9 10 11 12 13 14 17 18 20 21 22 23 30 31 32 38 39 41 42 43 46 47 48 49 51
0 2 5 6 7 8 9 10 11 12 13 14 15 16 17 18 19 20 21 25 28 29 31 37 43 44 48 49 51
0 1 21 23 24 26 27 34 36 40 45 49
0 1 4 7 9 10 11 15 18 21 25 27 34 35 42 43 45 48 50 51
0 2 11 13 25 40 45 47
1 6 21 33 36 40 43 45
0 5 13 25 31 35 38 39 40 41 42 45 46 47 48 51
6 7 9 10 11 12 14 15 16 17 19 20 21 26 28 29 30 31 36 38 39 40 41 42 45 47
0 8 10 12 13 14 15 16 20 23 24 25 31 32 35 36 38 39 40 41 42 43 46 47 50 51
1 6 8 10 12 13 14 15 16 17 18 19 20 21 23 25 30 31 32 36 38 39 40 41 42 46 48
1 4 6 7 8 9 11 12 15 16 17 18 21 25 27 28 30 31 33 35 42 43 45 47 51
2 7 11 12 13 14 16 17 20 21 22 23 24 30 31 32 33 35 38 39 40 41 42 46 47 48 49 50 51
0 1 2 4 5 6 7 8 9 10 14 15 16 17 18 21 23 24 27 32 34 35 37 38 39 40 41 42 43 44 46 49 50 51
0 1 4 6 9 15 16 21 25 26 27 28 33 35 36 37 39 41 45
3 7 10 22 23 24 28 34 36 45
2 11 12 14 15 18 20 22 23 30 35 36 37 38 39 40 41 42 46 47 48
0 2 3 4 5 8 9 11 12 14 15 17 19 20 21 22 25 30 34 35 42 43 44 47 48 49 50 51
1 4 6 10 12 13 14 16 17 18 19 20 21 23 24 31 32 35 36 38 39 41 43 44 46 47 48 49
0 1 2 4 6 8 13 16 18 21 23 24 27 29 31 32 34 36 38 39 40 42 45 47 49 50
2 3 4 6 7 8 9 10 11 12 14 15 16 17 19 20 21 23 24 26 27 28 31 32 38 41 43 44 46 48 49
1 3 4 5 7 8 9 12 13 14 15 17 18 19 21 24 25 31 35 37 38 39 41 42 43 44 46 47 48 51
2 4 6 7 13 27 35 45
0 1 6 7 8 9 10 11 12 13 14 15 16 17 18 19 20 21 22 23 24 25 27 28 30 31 32 34 36 38 39 40 41 42 43 46 47 48 49 50 51
0 1 2 3 6 7 9 10 12 13 14 15 18 19 20 21 22 23 27 29 31 32 33 36 42 46 48 49 50 51
0 2 11 13 17 18 25 28 29 31 32 43 44 45 47 51
0 1 4 7 9 10 21 22 25 31 32 33 40 45 48 49
0 7 8 9 15 20 25 34 38 39 40 41 42 47 50 51
0 24 25 28 33 34 36 38 41 42 45 46 47 50
5 6 9 11 12 14 16 18 19 20 21 22 23 27 28 30 33 35 36 37 38 41 42 45 48 51
1 6 7 8 9 10 11 12 13 14 15 16 18 19 20 21 23 24 27 28 31 32 36 38 40 41 43 45 46 47 48 49
1 3 6 7 8 9 10 12 14 15 16 17 20 22 23 24 26 27 28 29 30 32 33 36 38 40 46 51
0 1 3 6 7 8 10 11 14 16 17 18 19 20 22 26 27 28 29 30 31 32 36 38 39 41 42 45 47 48 49 51
19 23 24 35 38 43 44 46 49
2 6 7 10 14 15 18 23 24 29 35 45
2 12 13 14 18 22 24 25 31 33 36 38 39 40 41 42 46 51
0 1 2 4 5 7 9 10 12 13 14 15 17 18 19 20 21 22 24 25 26 30 31 32 36 39 42 43 44 46 49 50
1 2 4 6 8 9 10 12 14 15 16 18 19 20 21 22 25 26 28 32 34 36 39 40 41 42 43 44 45 50
4 5 7 24 25 28 29 31 35 39 43 44 46 49
2 3 5 7 12 13 14 15 18 19 23 29 31 32 36 38 39 41 42 43 47 51
3 22 23 24 28 29 33 34 36 45
3 4 10 13 22 23 24 28 29 32 33 34 36 45
2 4 7 8 10 12 13 14 15 17 19 23 25 27 28 29 30 31 32 33 35 36 38 39 40 41 42 43 44 46 47 48 49 51
4 6 8 10 11 12 13 14 15 16 17 18 19 20 23 24 25 27 30 31 34 35 36 38 39 40 41 42 43 44 46 47 48 49 50 51
2 3 5 6 7 8 9 10 12 14 18 19 20 22 23 26 27 28 29 30 31 32 36 38 39 41 42 43 46 47 48 49 50 51
0 1 2 4 6 7 8 9 12 13 14 16 18 19 23 24 27 32 34 35 37 38 39 40 41 42 43 44 46 48 49 50
0 1 2 3 4 6 8 9 11 19 23 24 25 27 28 34 35 45
1 3 5 8 10 12 13 14 17 18 22 25 27 30 31 37 38 39 40 41 42 43 44 46 47 48 49 51
0 2 4 6 7 9 12 14 15 19 23 24 27 30 31 40 41 45 46 47 51
0 2 4 6 7 8 9 11 13 16 17 20 21 23 28 29 30 31 32 33 34 36 37 39 40 41 43 45 47 51
0 1 2 3 4 5 6 7 8 9 10 13 15 16 18 21 22 25 26 27 28 29 30 31 32 36 40 41 50 51
7 10 11 12 14 15 16 17 18 20 21 22 25 26 28 29 30 33 34 39 41 43 44 45 51
0 5 7 9 11 12 14 15 18 19 22 23 24 25 38 39 40 41 46 47 49 50 51
1 6 8 9 10 14 15 18 22 24 27 29 31 33 36 42 45 46 47
1 3 7 9 18 19 21 22 23 26 27 32 33 34 36 41 43 49 50
12 14 15 16 17 20 22 24 26 31 36 38 39 40 41 46 51
4 12 14 15 17 20 21 22 24 31 32 33 36 38 39 40 41 43 46 48 51
0 1 6 8 9 12 15 19 20 21 23 24 25 32 36 39 41 42 45 47 49
1 5 7 9 13 14 18 23 25 27 32 33 36 39 41 42 45 47 51
0 2 12 13 14 15 16 18 19 20 24 25 31 34 36 42 44 48 50 51
0 1 2 3 6 7 10 12 15 18 19 21 24 27 28 29 31 32 35 37 38 39 40 41 42 45 47 50 51
0 4 5 7 8 11 12 13 14 15 18 20 21 23 24 26 27 31 39 45 46 47 48 51
1 2 3 4 5 6 15 19 20 21 22 25 28 31 32 35 42 43 44 45 47 49 50
2 4 8 10 12 14 16 17 20 21 23 25 28 31 32 35 38 39 40 41 43 44 46 47 49 50
0 1 2 11 12 14 15 16 17 19 20 21 23 24 27 31 36 38 39 41 43 44 46 47 48
1 6 7 9 10 14 15 16 18 21 22 25 27 28 29 30 34 39 40 43 44 48 49 51
0 6 8 10 12 14 15 16 17 18 19 20 21 23 27 32 36 38 42 45 47 49 51
2 3 4 6 7 8 9 10 11 13 14 15 18 19 20 21 22 24 25 26 27 28 29 31 32 33 34 36 43 45 48 49 50
1 5 6 7 8 9 10 12 13 14 17 18 19 20 21 25 28 29 31 32 35 36 38 39 41 42 43 44 48 49 50 51
0 1 2 3 6 10 12 13 14 15 16 17 20 22 25 26 27 28 29 31 32 33 38 43 45 46 47 50 51
6 10 15 19 23 24 33 42 43 45 49
0 1 2 3 4 5 7 9 11 12 13 14 18 20 22 23 24 26 28 30 31 33 35 38 39 41 42 43 44 46 47 48 49 50
0 5 6 7 8 9 11 13 14 15 16 19 20 21 23 28 29 30 31 46 47 48 49 50 51
0 1 2 4 6 8 10 11 12 13 14 15 16 18 19 20 21 23 24 25 27 28 30 31 37 38 43 44 46 47 49 50 51
0 2 3 4 5 8 11 13 14 15 16 19 20 22 24 25 26 27 28 29 30 31 32 33 43 44 46 47 48 49 50 51
0 3 4 6 9 11 14 16 19 21 22 23 24 25 27 28 30 32 33 34 42 45 47 48 49 50 51
0 3 8 10 18 23 25 28 34 40 43 44 45
2 5 7 8 9 11 12 13 14 15 16 18 19 21 23 24 27 35 36 40 42 45 46 47 48 49 51
1 4 6 8 10 21 23 24 25 27 28 29 32 34 43 45 51
1 4 8 9 12 18 22 23 24 27 31 32 33 36 40 45 46 50
0 1 7 8 9 10 11 12 16 19 20 25 27 31 34 36 42 45 49
0 3 4 7 8 12 14 15 16 17 18 19 20 22 24 25 27 31 32 33 36 38 39 42 43 45 46 47 48 49 50 51
4 6 11 12 14 23 24 26 27 32 35 38 39 40 41 43 46 47 49 50
2 4 9 21 23 24 28 31 35 38 39 40 41 42 44 45 46 51
0 20 22 29 36 39 40 41 42 45 47 50 51
0 4 5 7 8 9 16 22 25 27 29 30 31 33 34 36 38 39 42 43 45 49
4 5 8 22 25 26 35 43 44 48 49 51
0 1 2 4 5 7 9 11 13 14 15 16 17 20 25 28 29 30 31 33 34 36 37 38 39 40 43 45 46 47 51
1 5 7 9 11 13 14 15 16 20 22 25 26 28 34 36 37 38 39 40 43 45 46 50 51
1 3 5 6 7 8 9 10 12 13 17 18 19 21 22 23 26 27 28 29 31 32 33 36 37 38 39 40 41 42 43 44 46 48 49 51
3 4 9 11 21 22 23 26 28 29 32 33 34 36 37 40 42 45 49 50
1 5 9 11 25 27 37 40 42 43 45
1 6 7 8 9 10 16 18 22 25 27 28 33 35 38 42 43 45 46 47 50
2 4 10 11 12 14 15 16 18 20 21 23 24 25 30 32 34 35 38 45 49 50 51
0 1 6 8 22 23 24 26 28 29 33 36 38 45 47 49
0 2 3 4 6 8 10 11 14 15 16 17 18 19 20 21 25 26 27 28 30 31 32 36 38 39 41 43 47 48 49 50 51
0 1 3 7 10 12 14 15 17 18 20 25 26 28 31 32 33 35 36 38 39 41 42 43 44 46
0 4 5 8 17 22 23 24 28 31 36 45 46 47 49
0 1 2 3 4 5 7 8 9 10 12 13 14 15 16 17 18 19 20 22 23 24 26 27 28 29 30 31 32 33 34 35 37 38 39 41 43 44 48 49 50
4 8 14 15 18 20 25 27 32 45 50
0 1 2 5 6 8 10 11 12 13 15 16 20 21 23 27 28 31 34 35 39 40 41 45 46 47 48 51
0 1 2 5 9 11 14 15 18 19 21 22 25 28 32 33 35 37 42 43 44 46 49 50
0 4 19 22 25 31 32 33 36 38 40 42 43 45 47 51
4 9 11 15 19 25 27 28 32 35 43 45
1 2 3 5 6 7 8 9 10 11 12 13 14 15 16 17 19 20 21 22 23 24 27 30 31 32 33 34 35 37 38 39 40 41 42 43 44 46 47 48 49 51
0 1 6 7 9 10 17 19 20 23 24 32 33 35 36 38 39 41 42 45 50 51
1 4 6 9 13 16 21 22 23 24 28 31 32 34 36 37 40 43 46 49 50
1 6 7 8 9 10 12 14 15 16 18 19 20 21 22 23 26 27 31 32 36 37 38 39 40 41 42 46 47 50 51
0 1 4 6 7 8 9 10 14 15 16 17 18 19 20 21 23 27 28 30 34 36 38 39 40 41 42 43 46 47 48 49
1 21 22 23 24 28 32 33 35 40 45 50
0 3 4 5 9 10 11 18 19 23 27 39 40 45 46 47 51
0 3 4 6 8 22 26 28 29 33 34 36 45
22 23 24 34 36 40 45 51
0 1 4 6 7 16 22 27 29 33 34 45
0 1 2 3 4 5 7 9 10 11 13 14 16 17 18 19 20 21 22 23 24 26 28 29 30 31 32 35 36 37 39 41 42 43 49 50
0 3 4 5 8 10 11 12 13 14 15 16 17 20 21 22 24 25 26 28 29 30 31 32 33 35 37 38 39 41 43 44 46 48 49 50
2 3 4 5 7 12 13 16 22 25 27 28 29 32 33 34 35 40 43 45 47
0 1 2 4 5 7 8 12 13 14 16 18 19 22 25 27 32 35 38 40 42 45 47 49
0 2 3 4 5 6 7 9 11 12 13 15 16 21 22 24 25 26 27 28 29 32 33 45
3 6 9 22 28 29 33 38 39 41 44 45 50
0 4 5 7 9 12 13 14 15 16 18 19 22 24 30 32 36 37 38 39 41 42 43 46 47 49 51
0 1 2 4 6 9 10 16 18 21 23 24 27 30 31 32 34 37 40 42 45 46
1 2 4 6 7 8 9 10 11 12 14 15 16 18 19 20 21 23 24 25 26 27 28 29 31 36 38 40 42 43 44 46 49 50
0 1 4 6 7 8 9 10 11 13 14 15 16 17 18 19 20 21 23 24 27 28 31 36 37 38 40 41 42 46 48
12 14 15 16 18 19 20 23 24 31 36 39 41 42 45 46 47
0 6 8 10 13 14 15 16 17 18 19 20 21 22 25 26 31 36 37 38 39 40 41 44 46 48 51
1 8 10 16 21 22 25 32 34 39 40 41 43 45 46
0 2 4 6 8 12 13 14 15 16 17 19 20 25 26 27 28 30 31 32 34 35 38 39 40 41 43 44 46 47 48 49 50 51
0 1 2 3 4 6 7 8 9 10 11 13 15 16 19 20 21 22 23 24 27 29 30 31 32 36 39 40 42 43 47 51
19 22 27 32 33 35 40 45 49 51
2 23 24 34 35 36 37 38 45
0 1 2 3 7 8 9 10 11 12 14 15 16 17 19 20 21 24 25 27 29 30 31 32 35 36 37 38 39 46 47 50
0 1 5 6 7 8 9 10 13 18 19 21 23 27 30 31 34 36 38 41 43 45 46 49
1 2 4 5 6 7 8 9 13 14 21 22 23 24 27 29 30 42 45 49
1 4 5 6 7 8 9 10 19 24 29 32 36 37 38 39 45 46 47 48 49
0 1 2 4 7 8 9 10 11 12 13 14 15 16 18 19 20 21 22 24 25 32 36 37 48 50 51
8 10 12 14 15 17 21 25 28 33 35 38 41 42 43 46 51
0 1 9 10 11 12 14 15 16 17 18 19 20 23 24 25 27 31 36 39 41 42 45 46 47 49 51
1 2 3 7 9 10 11 12 13 14 15 16 18 19 20 21 22 23 24 27 28 29 30 31 32 34 35 36 38 39 40 41 43 44 46 47 48 49 50
3 4 7 8 10 12 13 14 15 18 19 22 23 24 27 28 29 31 32 36 38 39 40 41 42 44 46 47 49 51
0 1 2 4 6 7 9 10 21 24 25 27 32 33 35 45 51
4 6 8 9 10 13 16 23 24 27 29 35 37 39 41 42 45 47 49
0 1 2 4 5 6 7 8 9 10 11 13 15 16 17 18 19 20 21 23 24 25 27 28 29 31 32 34 35 37 38 40 41 43 44 46 48 49 50 51
0 1 2 4 6 7 8 9 10 11 13 15 16 17 18 19 20 21 23 24 25 27 28 29 31 32 34 35 37 38 40 41 43 44 46 48 49 50 51
2 6 12 19 23 28 37 38 41 45 50
0 2 3 4 5 7 8 11 12 13 14 15 16 17 19 20 24 25 26 28 29 32 34 39 46 47 48 49 50 51
4 5 22 25 43 45
1 2 6 8 9 16 18 19 21 23 31 35 38 41 42 43 45 48
0 1 3 5 6 12 13 14 15 16 17 19 20 22 24 27 29 30 31 32 36 38 39 41 43 47 48 49 51
0 1 3 5 6 7 11 12 13 14 15 16 17 19 20 24 26 28 30 31 32 38 39 41 43 47 51
0 1 12 13 14 15 16 20 22 26 27 28 32 34 36 37 38 40 42 43 45 46 48 49 50
1 5 6 7 8 12 14 15 20 21 22 27 29 36 37 38 40 42 43 45 46 49
2 4 6 16 20 25 28 35 40 42 45 49 50
0 6 19 20 21 25 34 36 38 40 42 45 46 47
0 1 2 3 7 8 9 10 11 12 13 14 15 16 19 20 21 22 23 24 25 26 27 28 29 30 31 32 35 38 41 46 48 49 51
0 3 10 11 17 21 22 25 26 28 29 33 35 38 40 43 44 45 48
