0 1 2 6 8 9 11 12 14 16 17 18 20 22 23 26 27 28 29 32 33 34 35 42 43 44 45 46 48 49 52 53 54 56 57 58 59 60 61 62 63 64 66 67 68 69 70 73 74 76 77 82 83 84 85 86 87 89 90 91 93 94 95 96 97 98 99 100 103 104 106 107 108 109 110 111 112 114 115 117
4 5 10 11 15 16 21 23 25 32 34 36 50 51 53 63 68 74 81 82 86 93 94 96 99 100 109 110 116
0 3 8 12 14 17 18 20 22 23 26 27 29 33 35 38 42 43 45 46 47 48 49 52 54 56 57 58 59 60 61 62 63 64 65 66 69 71 72 73 76 77 78 83 84 87 91 93 95 96 97 98 99 103 104 106 108 111 112 114 115 117
0 1 6 8 12 14 17 22 23 26 27 28 33 35 42 43 45 46 47 48 49 52 54 56 57 58 59 61 62 63 64 66 69 71 73 76 78 83 84 86 87 89 93 94 95 96 97 98 103 104 105 106 107 108 112 114 115 117
1 2 3 4 6 9 10 12 13 14 15 18 19 20 22 23 25 26 28 29 30 32 33 34 37 43 44 45 46 47 48 49 51 52 54 55 58 59 63 64 65 67 69 70 71 73 74 76 78 79 81 82 84 85 86 87 89 90 91 93 96 97 98 100 104 108 109 111 113 115 116 117
1 2 5 6 8 9 13 14 21 25 26 28 30 35 38 42 48 50 51 52 56 60 63 67 70 71 72 76 78 84 87 88 89 94 95 96 101 103 106 107 115
0 4 5 6 7 8 10 11 13 15 16 17 20 21 23 24 25 27 28 31 32 34 36 37 38 39 44 45 47 50 51 53 54 56 57 58 59 60 61 62 63 64 66 67 68 70 72 73 74 78 80 81 82 83 84 85 86 88 89 92 93 94 95 96 97 98 100 101 102 104 105 107 108 109 110 111 112 114 116 117
0 1 2 3 4 6 7 8 9 11 12 16 17 18 20 23 26 27 28 29 30 31 32 33 34 38 39 40 41 43 46 47 48 49 52 53 54 56 58 59 60 61 63 64 65 67 68 69 70 72 73 75 77 80 82 83 84 85 86 87 89 90 91 92 94 95 97 98 99 100 102 103 104 105 107 109 111 112 114 115 117
5 10 11 21 26 32 45 46 47 50 53 58 63 68 71 78 84 88 94 95 96 98 100 101 103 105
3 4 5 6 10 11 13 16 21 23 24 25 28 32 40 41 43 44 45 47 50 51 53 54 59 63 64 67 68 69 73 74 75 77 78 85 88 89 93 96 100 101 104 105 107 116
0 1 2 3 4 6 7 8 9 15 18 22 23 24 26 27 28 29 30 33 34 38 39 40 41 43 46 48 49 51 52 55 56 58 61 63 67 70 74 75 81 82 83 86 87 89 90 91 94 97 98 103 105 108 109 115
0 1 2 3 6 8 9 11 13 14 16 18 20 28 29 30 31 32 33 43 46 47 49 51 52 53 54 56 59 60 64 67 68 69 70 71 73 76 77 78 85 86 87 89 90 91 92 93 94 95 99 100 102 103 104 108 110 111 115
0 1 2 5 6 8 9 11 12 13 14 15 16 18 21 22 23 25 26 28 29 32 35 38 39 42 46 47 48 49 50 51 52 53 56 60 63 67 68 70 72 76 78 81 85 86 87 88 89 90 93 94 95 96 97 99 100 101 103 106 107 108 112 113 115
4 5 13 19 20 21 24 25 26 29 30 37 44 46 47 48 49 50 51 56 71 74 77 78 79 84 93 97 99 111 115 117
5 11 14 15 18 20 21 23 29 30 31 34 45 47 50 51 53 55 56 57 58 60 62 66 68 69 71 72 76 78 81 82 84 86 88 92 93 94 95 98 99 101 102 107 109 111 117
5 12 13 18 21 23 26 29 30 34 46 47 48 49 50 54 56 58 59 64 69 71 73 78 82 88 93 95 96 97 98 101 104 105 109 115
5 10 11 12 13 14 15 16 17 20 21 23 25 27 28 32 33 35 36 37 40 41 42 43 45 47 50 51 53 54 55 57 58 59 60 61 62 63 64 66 67 68 73 75 76 78 81 83 84 85 88 91 95 98 100 101 104 106 108 111 116
1 2 3 5 9 12 13 14 21 22 23 25 26 30 31 33 35 39 42 43 46 50 51 54 59 64 72 73 76 87 92 94 95 102 104 106 110 113 115
0 1 2 6 8 9 12 13 14 15 18 19 20 22 23 25 26 28 29 30 31 32 33 34 37 39 43 46 47 48 49 51 52 57 58 60 62 63 66 67 69 70 73 76 78 79 81 82 85 86 87 89 90 91 92 93 94 96 97 98 99 100 102 103 107 108 109 110 111 113 115 116 117
1 2 4 6 10 11 12 16 18 19 20 22 23 26 28 31 32 33 34 39 44 45 47 48 49 52 53 56 58 60 63 65 67 68 69 70 74 77 78 79 82 84 85 86 87 89 90 92 93 94 95 96 97 98 100 102 103 107 109 111 115 117
4 5 15 21 23 50 74 81 85 88 95 101 107
5 6 11 14 15 16 20 21 23 27 28 31 35 40 41 42 45 47 50 53 60 61 63 67 68 75 76 81 84 85 86 88 89 92 95 96 99 101 102 106 107 111 113
1 2 4 6 7 9 15 17 19 20 22 23 26 27 28 29 30 34 39 44 45 46 48 49 52 56 57 58 61 62 63 66 67 70 72 74 79 81 82 83 85 87 89 90 91 93 94 96 98 103 105 107 109 110 111 113 115 116
0 5 6 8 10 11 15 16 21 28 32 45 50 53 54 56 57 59 62 64 66 67 68 71 73 81 88 89 96 99 100 101 104 107 116
0 1 2 6 7 8 9 13 14 18 19 20 23 25 26 28 29 30 32 33 34 35 39 42 43 45 46 48 49 51 52 56 57 58 60 62 63 66 67 69 70 71 76 77 78 79 82 84 85 87 89 90 91 95 96 97 98 99 100 103 105 106 107 108 109 110 111 113 115
0 1 2 5 8 9 10 11 14 16 17 18 21 22 26 27 30 31 32 34 38 39 46 48 50 51 52 53 54 56 57 59 60 61 62 64 66 68 69 70 71 73 76 78 80 82 83 84 86 87 88 92 93 94 95 99 100 101 102 103 104 107 109 112 114 115
1 2 3 4 6 7 9 15 17 18 20 22 23 26 27 28 29 30 32 33 34 35 42 43 45 46 48 49 52 54 55 56 58 59 60 61 63 64 65 67 70 73 74 81 82 83 85 86 87 89 90 91 94 95 98 99 100 103 104 105 106 107 108 109 111 113 115 117
0 1 2 4 6 7 8 9 12 14 15 17 18 20 22 25 27 28 29 30 31 32 33 34 35 38 39 42 44 45 46 48 49 52 58 60 61 63 67 69 70 71 74 76 81 82 83 84 85 86 87 89 90 91 92 94 96 97 98 99 100 102 105 106 108 109 111 116 117
0 4 8 10 11 12 13 16 18 19 22 24 25 27 34 36 37 39 40 41 43 44 45 46 47 48 51 53 54 55 59 61 63 64 68 69 70 72 73 74 75 77 78 79 82 83 84 85 86 90 91 95 96 97 103 104 108 109 116
1 2 3 9 12 14 15 20 29 33 43 44 46 48 49 52 58 70 72 74 76 81 85 87 90 91 96 97 98 108 111
5 6 11 12 13 15 16 17 19 21 23 24 25 27 28 34 36 42 45 46 50 53 58 60 61 63 67 68 74 81 82 83 88 89 91 93 95 98 101 105 106 108 109 116
0 1 2 3 4 6 8 9 11 12 13 14 16 18 19 20 23 25 26 27 28 29 30 31 32 33 34 37 38 39 43 46 48 51 52 53 54 55 56 58 59 61 64 65 67 68 69 70 71 72 73 76 77 79 82 83 84 85 86 87 89 90 91 92 93 94 95 97 98 99 100 102 103 104 105 107 108 109 110 111 112 114 115 117
1 2 3 4 6 7 8 10 11 12 14 16 17 18 19 20 23 25 26 27 28 31 32 33 34 36 37 38 39 40 41 43 44 45 46 48 49 52 53 54 55 56 57 58 59 60 61 62 63 64 65 66 67 68 69 70 72 73 74 75 76 79 80 82 83 84 85 86 87 89 90 92 93 94 95 96 97 98 99 100 102 103 104 105 108 109 110 111 112 114 117
5 6 14 18 21 22 24 25 28 29 30 34 39 45 46 47 48 50 56 67 71 74 76 82 84 85 88 89 91 93 94 101 109 110 115 116
4 5 13 21 44 47 50 51 63 74 78 88 101 113
3 4 5 6 10 11 12 13 14 15 16 20 21 24 25 26 27 28 31 33 36 37 40 41 44 46 47 48 50 51 53 55 58 61 65 67 68 69 72 74 75 76 78 81 83 84 85 87 89 91 92 93 96 97 98 99 102 103 105 110 111 113 115 116
1 2 4 6 8 9 11 14 15 16 18 20 23 24 28 29 30 32 33 34 35 38 42 45 46 47 48 52 53 54 57 58 59 60 62 64 65 66 67 68 69 70 71 72 73 74 76 78 81 82 84 86 89 90 94 95 96 98 99 100 103 104 106 107 108 109 111 115 117
4 5 6 10 11 12 13 15 16 18 19 21 23 24 25 28 32 33 34 37 39 44 45 47 50 51 53 63 65 67 68 69 74 78 79 81 82 84 89 93 96 97 100 107 109 110 116 117
3 5 6 7 9 11 13 14 15 16 18 20 21 23 25 30 33 34 35 38 39 40 41 42 43 45 47 50 51 53 56 58 60 65 68 70 71 72 75 76 78 81 82 84 85 86 87 88 90 94 95 98 101 105 106 108 109 111
0 1 2 3 4 6 8 9 10 11 12 13 14 16 18 20 23 25 26 27 28 29 30 32 33 34 36 38 39 43 44 46 48 49 52 53 54 58 59 61 64 65 68 69 70 71 72 73 74 76 82 83 85 86 87 89 90 91 94 95 97 98 99 100 103 104 105 108 109 110 111 113 115 117
3 4 5 12 13 14 21 24 25 39 40 41 42 44 45 50 51 54 59 60 63 64 73 74 75 76 84 91 93 95 96 104 106 107 108 112 114
1 2 4 6 9 12 13 14 19 22 23 25 26 27 29 30 33 34 37 43 47 48 49 51 52 56 57 61 62 65 66 69 73 74 76 78 79 82 83 84 86 87 89 91 93 96 97 103 109 115 116 117
3 4 6 7 10 12 13 18 19 20 22 25 28 29 31 32 33 34 36 37 40 41 42 43 44 45 46 48 49 51 54 58 59 63 64 65 67 73 74 75 77 79 80 82 85 86 87 89 90 91 92 93 97 98 100 102 104 105 106 108 109 111 112 114 116
0 1 2 3 4 6 7 8 11 13 15 16 18 22 23 28 30 31 32 34 35 38 39 40 41 42 45 48 49 51 52 53 55 60 67 68 70 71 72 74 75 80 81 82 86 87 88 89 90 92 94 95 99 100 101 102 103 105 106 108 109 112 113 114
1 2 3 4 6 9 11 12 14 16 18 20 23 25 26 28 29 31 32 33 34 35 39 40 41 42 43 44 46 48 49 52 53 54 55 57 58 59 60 62 64 66 67 68 69 70 71 73 74 75 76 77 80 82 84 86 87 89 90 91 92 94 95 97 98 99 100 102 103 104 105 106 107 108 109 111 112 113 114 115 117
0 1 2 3 8 9 11 13 14 17 18 22 23 25 26 27 29 30 32 33 34 35 40 41 42 43 46 48 49 51 52 53 54 56 59 60 61 64 65 69 70 71 72 73 75 76 77 78 82 83 84 86 87 90 91 93 94 95 97 99 100 103 104 106 107 108 109 110 115
0 1 2 8 9 10 12 14 17 22 23 26 27 29 30 32 33 35 42 43 46 47 48 49 52 54 59 60 61 64 65 70 71 73 76 77 78 83 84 86 90 93 94 97 99 100 103 104 106 107 108 115
0 1 2 6 8 15 19 20 31 32 35 37 38 39 40 41 42 45 47 48 52 57 58 60 62 63 66 70 75 79 81 85 86 87 88 89 90 93 96 98 99 100 101 102 103 106 107 111 116
0 1 2 6 8 15 19 20 23 28 32 35 37 38 40 41 42 45 48 52 57 58 60 62 63 66 67 70 75 79 81 85 86 87 88 89 90 93 96 98 99 100 101 103 106 107 111 113 116
0 1 2 8 9 12 13 14 15 20 22 23 25 26 27 29 30 32 33 35 42 43 46 48 49 51 52 56 58 60 61 63 65 69 70 73 76 81 83 84 85 86 87 90 91 94 95 96 97 98 99 100 103 106 108 111 112 114 115 116
0 1 2 4 6 8 9 10 12 13 14 16 18 19 26 28 29 31 36 37 38 43 44 46 48 49 52 54 55 56 59 64 67 69 70 72 73 74 76 79 84 85 87 89 90 91 92 93 95 96 97 102 103 104 112 114 116
1 2 5 9 10 11 14 16 18 20 21 22 23 30 32 34 35 42 45 47 49 50 54 56 57 58 59 60 62 63 64 66 68 70 73 76 82 85 86 87 88 96 98 99 100 101 103 104 106 107 109 111 115
1 2 4 9 11 13 14 16 17 20 26 27 29 30 31 32 33 43 46 48 52 53 54 58 59 60 61 63 64 65 68 70 73 74 76 80 83 84 85 86 87 90 91 94 95 97 98 100 102 103 104 105 108 111
0 1 2 6 8 9 10 12 14 15 17 20 22 23 26 27 28 29 32 33 37 38 39 43 45 46 48 49 52 54 56 57 58 59 61 62 64 66 67 69 70 71 72 73 76 81 83 84 85 86 89 91 93 94 96 97 98 100 104 107 108 110 111 112 114 115 117
1 2 9 12 13 14 18 19 23 25 26 27 29 30 32 34 45 46 47 48 49 51 52 53 54 56 57 58 59 61 62 63 64 66 69 70 71 73 76 78 79 82 83 86 87 94 95 96 97 98 99 100 103 104 107 108 109 110 112 114 115
5 14 16 21 30 31 32 39 42 50 60 63 69 71 76 80 87 88 91 92 94 100 101 102 105 106 108 112 114 115
0 1 2 4 6 8 9 12 13 15 17 18 20 22 24 25 26 27 29 30 31 34 38 39 43 44 45 46 47 48 49 51 52 54 56 57 58 59 61 62 63 64 66 67 69 71 72 73 74 76 77 78 80 82 83 84 85 86 89 91 93 95 96 97 98 99 102 103 104 107 108 109 110 111 112 114 115 117
0 1 2 6 8 9 12 14 16 18 19 20 23 25 26 28 29 30 31 32 33 35 37 39 42 43 46 48 49 52 54 56 57 58 59 60 62 64 66 67 69 70 71 72 73 76 77 79 85 86 87 89 90 92 93 94 97 98 99 100 102 103 104 106 107 108 110 111 113 115
0 1 2 6 8 9 10 11 12 14 16 20 22 26 28 29 30 32 38 39 48 51 52 53 54 56 57 58 59 62 64 66 67 68 69 71 72 73 76 84 85 87 89 91 93 95 98 100 104 107 111 115
0 3 4 5 6 8 10 11 12 13 15 16 20 21 22 24 25 28 31 32 33 34 36 37 38 39 43 44 45 47 49 50 51 56 57 58 60 62 65 66 67 68 70 71 72 74 78 80 81 82 85 86 89 90 91 92 93 98 100 102 103 108 109 111 112 114 116 117
1 2 3 4 6 7 9 10 11 12 13 14 17 18 20 22 25 26 27 28 29 30 31 32 33 34 36 37 39 43 45 46 48 49 51 52 53 54 55 57 58 59 61 62 63 64 65 66 67 68 69 70 71 73 74 76 80 82 83 84 85 86 87 89 90 91 93 94 96 97 98 99 100 102 103 104 105 108 109 110 111 112 113 114 115 116 117
5 11 16 21 23 50 53 56 68 71 88 95 101 107
5 6 11 12 13 14 15 16 17 19 21 23 25 27 28 35 37 38 39 42 46 47 48 50 51 53 54 55 56 59 60 61 63 64 67 68 69 73 76 77 78 79 81 83 86 87 88 89 90 94 95 97 99 101 104 106 107 108 112 113 114 115
0 5 8 9 11 13 14 15 16 18 20 21 29 30 33 43 46 47 48 50 51 53 54 59 63 64 68 73 76 78 81 84 87 88 90 95 101 104 107 111 115
0 1 2 3 6 7 8 9 10 11 12 13 14 16 18 22 25 26 27 28 29 30 33 34 36 37 38 39 43 45 46 47 48 49 51 52 53 54 56 57 59 61 62 63 64 65 66 67 68 69 70 71 72 73 76 77 78 82 84 85 87 89 90 91 93 94 95 96 97 103 104 105 108 109 112 113 114 115 116
0 1 2 7 8 11 14 15 16 17 20 23 27 31 33 37 38 39 43 46 47 49 52 53 54 55 56 57 58 59 60 61 62 64 65 66 68 70 71 73 76 77 80 81 83 84 85 86 88 90 91 92 94 95 98 99 101 102 104 105 108 111 113
5 21 33 39 40 41 47 50 54 59 64 65 73 75 78 88 95 101 104
0 5 6 8 15 17 21 27 28 31 39 47 50 55 61 67 72 78 80 81 83 88 89 92 95 101 102 113
3 5 10 11 13 14 16 21 26 30 31 32 46 48 50 51 53 54 59 60 63 64 68 73 76 84 86 88 91 92 93 95 97 100 101 102 104 107 115 116
3 5 21 29 50 84 87 88 101 108
0 1 2 4 8 9 10 11 12 13 15 16 18 19 23 24 25 26 30 31 34 36 37 38 39 44 45 46 47 51 52 56 57 62 63 65 66 68 69 70 74 77 78 79 80 81 82 84 87 90 91 93 94 96 97 102 103 107 109 110 115 116
0 1 2 6 8 10 11 12 13 14 16 18 19 22 26 28 30 31 32 34 36 37 47 48 51 52 53 54 56 57 58 59 60 62 64 66 67 68 69 70 72 73 76 78 79 80 82 86 88 89 90 92 93 94 95 96 97 98 99 100 101 102 103 104 107 109 112 114 116
5 6 12 13 14 17 18 21 22 23 27 28 31 32 34 36 39 45 50 60 61 63 67 69 71 76 82 83 86 88 89 92 93 96 99 100 101 102 103 107 109 116
1 2 3 6 9 10 11 12 13 14 15 16 18 23 25 26 34 36 37 39 40 41 45 46 47 48 49 51 52 53 63 65 68 69 70 75 76 77 78 81 82 84 86 87 89 90 91 93 95 97 109 116 117
5 10 11 14 16 18 20 21 23 35 42 45 47 50 53 60 68 71 76 78 85 88 99 101 106 107 111 116
0 1 2 4 6 8 9 12 13 15 17 18 20 24 25 26 27 28 29 33 34 35 42 43 44 45 46 47 48 49 52 54 56 58 59 60 61 64 65 67 70 71 73 74 78 81 82 83 85 87 89 90 91 97 98 103 104 106 107 108 109 110 111 115 117
0 5 8 11 12 13 14 16 17 21 22 25 26 27 31 33 38 39 43 50 51 53 61 68 69 71 72 76 77 78 83 84 88 92 93 94 97 99 101 102 107 112 113 114 116
5 14 15 19 21 22 23 31 32 34 46 50 56 60 63 76 79 81 82 86 88 92 94 96 99 100 101 102 107 109 115
4 5 10 11 12 13 16 21 22 24 25 28 31 33 36 37 43 44 46 47 50 51 57 60 62 65 66 67 68 69 71 74 78 80 84 85 91 92 93 97 102 110 117
0 1 2 3 4 8 9 10 12 13 15 17 20 22 25 26 27 29 30 31 32 33 34 36 37 38 39 40 41 42 43 44 46 47 48 49 51 52 55 56 57 58 61 62 63 66 70 72 74 75 77 78 80 81 82 83 84 85 86 87 90 91 93 94 96 97 98 99 100 102 103 105 106 107 108 109 110 111 112 113 114 115 116 117
0 4 5 6 8 9 10 11 13 14 16 17 18 20 21 22 23 24 25 26 27 28 30 32 34 47 49 50 51 53 54 56 57 58 59 61 62 64 66 67 68 70 72 73 74 76 78 82 83 85 87 89 91 93 94 95 96 97 98 100 103 104 107 109 110 111 115
0 1 2 3 8 11 13 14 16 18 23 25 26 27 32 43 46 47 48 49 51 52 53 56 57 61 62 63 66 68 69 70 76 77 78 81 83 84 87 88 90 93 94 95 96 97 99 100 101 103 108 112 113 115
0 1 2 4 6 7 8 9 12 13 14 20 22 23 25 26 27 28 29 30 31 33 42 43 45 46 48 49 51 52 53 55 56 58 60 61 63 67 69 74 76 77 80 83 84 85 87 89 91 93 94 95 96 98 102 103 105 106 108 110 111 115 116
0 1 2 8 9 13 14 18 23 25 26 29 30 33 43 46 48 49 51 52 56 63 69 76 77 78 84 91 93 96 97 107 110 115
0 1 2 8 10 11 16 18 20 22 31 32 34 35 38 39 42 45 52 53 58 60 68 70 71 72 80 82 85 87 88 90 92 94 98 99 100 101 102 103 106 109 110 111 116
0 4 5 8 9 10 21 22 26 32 36 50 56 70 71 74 88 90 99 100 101 103 112 114
0 1 2 3 4 7 8 9 10 12 14 15 17 18 22 23 26 27 29 30 31 32 33 34 35 38 39 40 41 42 43 45 46 47 48 49 52 55 56 60 61 63 65 69 70 75 76 77 81 82 83 84 86 87 90 94 96 99 100 102 103 105 106 107 108 109 110 112 113 114
1 2 9 11 12 13 14 16 17 20 25 26 27 29 30 32 33 35 39 42 43 45 46 47 49 51 52 53 54 56 59 61 63 64 68 69 73 76 77 78 83 84 85 87 91 95 96 97 100 104 106 108 111 112 114 115 117
1 2 3 9 10 11 12 13 14 16 23 25 26 29 30 31 32 33 36 37 39 43 45 46 47 49 51 52 53 54 56 59 63 64 68 69 72 73 76 78 84 85 87 91 92 95 96 97 100 102 104 108 112 114 115
0 1 2 4 8 9 10 11 12 13 14 16 19 20 24 25 26 29 30 31 33 37 40 41 43 44 45 46 47 48 52 53 55 56 58 63 68 69 70 71 72 74 75 76 78 79 85 87 90 91 92 93 96 97 98 102 103 108 111 113 115 116
5 21 23 47 50 51 54 56 59 64 71 73 88 95 101 104 107
3 4 5 6 7 10 11 12 13 14 15 16 17 20 21 23 25 27 28 33 36 39 40 41 42 43 44 45 46 47 48 50 51 53 55 57 58 61 62 63 65 66 68 69 70 72 74 75 76 77 78 81 83 84 85 87 89 90 91 93 95 96 97 98 99 105 106 108 111 112 113 114 115 117
0 3 4 5 8 15 17 21 23 27 28 29 30 32 35 38 42 50 56 60 61 63 67 74 81 83 86 88 90 91 96 99 100 101 106 107 108
0 3 5 8 11 15 16 17 21 22 27 33 38 43 47 50 53 61 65 68 70 71 72 78 81 83 88 89 90 91 94 101 108 116
1 2 3 4 6 7 8 10 16 17 18 19 20 22 27 28 30 32 33 34 38 39 40 41 45 46 49 52 58 61 65 67 68 70 71 74 75 82 83 89 90 97 98 99 100 103 105 109 111
1 2 3 4 6 9 12 13 14 15 20 22 23 24 25 29 30 32 44 46 48 49 51 52 58 69 70 72 74 76 78 81 84 85 86 87 89 90 91 93 94 96 97 98 99 100 103 107 108 111 113 115 116 117
5 10 16 19 21 22 26 30 35 42 47 50 57 60 62 63 66 78 79 88 99 101 106 107 116
0 4 5 6 8 10 12 13 15 17 21 22 24 25 26 27 28 29 31 33 34 36 38 39 42 43 44 45 47 49 50 51 56 60 61 65 67 69 71 72 74 78 80 81 82 83 86 89 92 93 96 97 99 102 103 106 109 110 112 113 114 115 116 117
0 1 2 5 8 11 12 13 14 16 21 23 25 26 32 33 37 38 43 47 48 49 50 51 52 53 54 56 59 63 64 68 69 70 72 73 76 77 78 84 86 87 88 90 94 95 96 97 99 100 101 103 104 107 110 112 114 115
3 4 5 8 12 15 20 21 22 23 25 27 30 32 35 38 40 41 42 47 48 50 57 58 60 61 62 65 66 69 70 71 72 74 75 78 81 83 85 86 88 90 94 98 99 100 101 103 106 107 108 110 111 113 116
1 2 6 9 14 15 18 20 22 23 26 28 29 30 32 33 34 35 42 43 45 46 48 49 52 56 57 58 60 62 63 66 67 70 72 76 81 82 84 85 86 89 90 91 94 96 98 100 103 106 107 108 109 111 112 113
1 2 3 4 6 7 9 10 11 12 13 14 16 17 18 19 22 25 26 27 28 29 31 33 34 37 39 43 44 45 46 47 48 49 51 52 53 54 56 59 60 61 64 65 67 68 70 71 73 74 76 78 79 80 82 83 84 86 87 89 90 91 92 93 95 96 97 102 103 104 105 108 109 110 115 116
1 2 3 4 6 7 9 10 11 12 13 14 16 17 19 22 25 27 28 29 31 33 34 35 37 38 39 40 41 42 43 44 45 46 47 48 49 51 52 53 54 56 57 59 60 61 62 64 65 66 67 68 69 70 71 72 73 74 75 76 77 78 79 80 82 83 84 86 87 89 90 91 92 93 95 97 102 103 104 105 106 108 109 110 115 116
5 12 13 15 16 18 19 21 24 25 34 37 44 47 49 50 51 63 69 74 78 79 81 82 93 94 97 107 109 110 115 116
0 5 7 8 11 15 16 21 28 31 35 38 39 42 45 47 50 53 60 67 68 70 71 72 78 80 81 85 88 90 92 101 102 103 105 106 107 116
3 6 9 10 11 12 13 14 15 16 17 18 20 22 25 27 28 30 32 33 34 37 45 46 47 49 53 54 56 58 59 61 64 65 67 68 71 73 76 78 81 82 83 84 85 86 87 89 90 91 93 95 96 97 98 100 104 108 109 111 116
5 10 11 16 17 18 21 22 23 26 27 31 34 39 47 50 53 57 58 60 61 62 63 66 68 69 78 80 82 83 85 88 92 94 96 98 101 102 107 109 116
5 15 18 19 21 22 32 35 37 39 42 50 60 71 79 81 88 96 100 101 106 108 116
5 10 13 18 21 22 26 28 35 42 50 51 60 67 69 71 88 101 103 105 106 107 115 116
1 2 3 4 9 12 13 14 20 23 25 29 30 33 40 41 43 44 47 51 52 54 58 59 63 64 69 70 72 73 74 75 76 78 85 87 90 91 93 94 97 98 99 104 107 108 111 115 117
5 6 8 13 18 21 23 24 25 28 34 38 40 41 50 51 63 67 74 75 82 84 88 89 94 96 101 105 109 113 116
0 3 4 5 12 13 15 20 21 22 23 25 27 30 32 35 38 39 42 45 47 50 57 58 60 61 62 66 69 71 78 81 83 85 88 98 100 101 105 106 107 108 110 111 113
1 2 3 4 5 6 10 11 12 16 18 19 21 22 23 25 26 27 28 31 32 33 34 36 37 39 43 44 45 46 48 49 50 52 53 56 60 61 63 67 68 69 70 72 73 74 79 80 82 83 84 85 86 87 89 90 92 93 94 95 96 97 99 100 102 103 107 108 109 112 113 114 117
1 2 4 9 22 26 29 33 40 41 43 49 52 71 74 75 105 108
1 2 3 9 10 11 12 13 14 15 16 19 20 25 26 29 30 33 35 36 37 42 43 46 47 48 49 51 52 53 54 58 59 60 64 68 69 70 72 73 76 78 79 81 84 85 86 87 90 91 94 96 97 98 99 103 104 106 107 108 111 113 115 116 117
4 5 6 13 14 15 18 21 22 23 25 28 34 35 42 45 50 51 54 55 56 57 58 59 62 63 64 66 67 72 73 74 76 78 81 82 84 86 88 89 91 93 96 98 101 104 106 107 108 109 116
4 5 13 14 21 23 24 25 26 29 32 44 45 46 47 50 51 56 63 71 74 76 78 84 95 96 99 100 113
1 2 10 11 12 13 16 18 23 25 30 31 32 39 45 47 51 52 53 56 57 60 62 66 68 70 71 78 80 86 88 90 92 94 95 100 101 102 103 107 112 114 116
0 3 4 5 10 11 12 14 16 17 20 21 25 27 29 33 36 40 41 42 43 44 45 47 50 53 55 57 58 61 62 65 66 68 69 71 72 74 75 76 78 81 83 84 85 86 91 93 95 98 105 106 110 111 113 115 116 117
0 1 2 3 6 8 9 11 12 13 15 16 22 23 25 26 28 32 34 38 39 40 41 43 45 46 47 48 49 51 52 53 54 56 57 58 59 62 64 66 67 68 70 71 72 73 75 77 78 81 82 86 87 89 90 94 95 96 97 98 99 100 103 104 107 108 109 110 112 113 114
3 4 9 11 12 13 14 16 23 25 26 27 30 40 41 43 45 46 47 51 53 54 55 56 59 61 63 64 68 73 75 76 78 83 84 91 93 95 97 104 108 110 115
5 15 20 21 23 31 39 47 50 60 63 78 81 88 92 95 96 101 102 111
5 6 10 11 15 16 18 20 21 23 28 30 31 32 40 41 50 53 58 60 67 68 70 71 75 81 85 87 88 89 90 92 98 99 100 101 102 103 107 111 116
0 1 2 4 6 8 11 12 13 14 15 16 17 20 25 27 28 30 31 33 34 36 37 38 39 42 43 44 45 51 52 53 55 57 58 60 61 62 65 66 67 68 69 71 72 74 76 78 81 82 83 85 91 92 95 96 98 102 105 106 109 111 112 113 114 117
5 13 15 19 21 25 26 33 43 47 50 51 54 56 59 64 73 78 79 81 84 88 94 95 101 104
0 1 2 4 6 8 9 14 18 20 22 23 26 28 29 30 31 32 33 34 35 39 40 41 42 43 44 52 54 55 56 58 59 60 63 64 67 70 71 73 74 75 76 80 82 85 86 87 89 92 94 95 96 98 99 100 102 103 104 106 107 109 110 111 115 116
0 1 2 3 4 6 7 8 9 10 11 15 16 20 22 23 26 28 30 31 34 35 36 37 38 39 42 45 49 52 53 55 60 65 67 68 70 71 72 74 80 81 82 85 86 87 89 90 92 94 96 102 103 105 106 108 109 111 112 114 116 117
4 5 8 9 10 11 15 16 18 21 25 29 31 32 34 37 38 39 47 49 50 53 60 68 74 78 81 82 87 88 91 92 93 95 97 100 101 102 109
4 5 6 8 10 15 18 21 22 23 32 34 38 47 49 50 56 57 62 66 71 74 78 81 82 86 87 88 89 99 100 101 103 107 108 109 110
0 1 2 4 6 7 8 9 12 13 18 20 22 23 24 25 26 28 29 30 32 34 38 39 42 44 45 46 48 49 51 52 56 58 60 67 69 70 71 72 74 78 82 84 85 86 87 89 90 93 94 95 97 98 99 100 103 105 106 107 109 110 111 112 114 115 117
3 4 5 6 7 11 15 16 20 21 22 23 28 31 34 35 36 39 40 41 42 43 44 45 47 50 53 55 58 63 67 68 69 70 75 78 81 82 85 88 89 92 94 95 96 98 101 102 105 106 109 110 111 112 113 114
1 2 3 5 6 7 11 15 16 21 22 23 35 39 40 41 42 45 47 49 50 52 53 56 60 63 68 69 70 75 78 81 88 89 90 94 95 96 101 105 106 108 113
0 3 4 5 7 8 11 15 16 17 18 20 21 23 27 32 34 38 45 49 50 53 54 56 57 58 59 61 62 64 66 68 70 71 72 73 74 81 82 83 85 86 87 88 90 94 95 98 99 100 101 103 104 105 107 108 109 111 112 114
1 2 3 4 9 10 12 13 14 15 17 18 20 22 26 27 29 30 31 33 34 35 36 37 40 41 42 43 46 47 48 49 52 54 56 58 59 61 64 65 71 73 74 75 76 77 78 80 81 82 83 84 85 86 87 91 97 98 102 103 104 106 107 108 109 110 111 112 113 114 115 116 117
1 2 3 4 6 7 9 10 11 12 13 14 17 18 20 22 23 25 26 27 28 29 30 33 34 35 36 40 41 42 43 46 47 48 49 52 53 54 57 58 59 61 62 64 66 67 68 71 72 73 74 75 76 77 78 82 83 84 85 86 87 89 91 97 98 104 105 106 107 108 109 110 111 112 113 114 115 116 117
0 5 8 10 11 14 15 16 21 22 31 47 50 51 53 60 63 68 76 78 81 88 92 93 99 101 102 107 112 113 114 116
3 4 5 6 8 9 10 11 12 13 14 15 16 20 21 24 25 28 29 30 31 32 34 36 38 39 44 46 47 50 51 53 55 58 60 67 68 71 72 74 76 78 81 82 84 85 86 87 89 91 92 94 97 98 99 100 102 103 107 109 111 116 117
5 10 11 14 16 21 25 31 35 39 42 45 46 50 53 54 57 58 59 60 62 64 66 68 69 70 71 73 76 77 78 84 86 88 91 94 95 98 101 102 104 105 106 108 112 114
5 14 18 20 21 22 26 30 32 34 50 56 63 76 82 88 93 95 96 100 101 109 111 117
0 1 2 3 4 6 7 8 9 10 11 12 13 16 17 18 19 20 22 23 25 26 27 28 30 31 32 33 34 36 37 38 39 40 41 42 43 44 46 47 48 49 52 53 55 57 58 60 61 62 63 65 66 67 68 69 70 74 75 79 80 82 83 84 85 86 87 89 90 91 92 93 94 97 98 99 100 102 103 105 106 107 108 109 111 115 116 117
1 2 3 4 6 7 9 15 17 20 22 23 24 26 27 28 29 30 32 33 34 35 40 41 42 43 44 46 48 49 52 54 55 56 57 58 59 61 62 63 64 65 66 67 70 71 73 74 75 77 81 82 83 85 86 87 89 90 91 93 94 95 96 97 98 99 100 103 104 105 106 107 108 109 111 115
1 2 4 6 8 9 15 18 23 24 28 34 38 39 44 45 52 57 62 66 67 71 74 81 82 87 88 89 90 95 101 109 113
1 2 4 7 9 18 23 24 25 38 39 45 47 52 71 74 87 90 95 105
0 5 6 8 11 13 15 16 20 21 22 23 27 28 30 32 33 34 35 42 45 47 49 50 51 53 56 57 58 60 61 62 65 66 67 68 69 71 77 78 81 82 84 85 86 88 89 95 98 100 101 106 107 108 109 111 115
0 5 6 7 8 10 11 13 14 15 16 17 20 21 25 27 28 30 31 33 36 46 50 51 55 58 60 61 63 65 67 68 69 72 76 80 81 83 85 86 88 89 93 97 98 101 102 105 108 111 117
5 10 11 15 16 18 21 22 23 25 30 31 34 35 39 42 45 49 50 51 53 60 68 81 82 84 88 92 93 101 102 106 108 109 113 116
5 6 10 11 12 13 16 18 19 20 21 28 32 33 34 37 43 45 47 49 50 51 53 56 63 68 69 70 78 79 82 85 87 88 89 90 91 94 99 100 101 103 107 109 111 115 116
0 5 8 11 16 20 21 23 30 31 32 33 35 40 41 42 43 45 50 53 60 68 70 71 75 80 86 87 88 90 91 92 94 95 99 100 101 102 103 106 107 111 117
1 2 4 6 7 9 10 12 13 14 15 17 18 19 22 25 27 28 29 30 31 33 34 37 39 42 43 44 45 46 47 48 49 51 52 54 55 56 57 58 59 60 61 62 64 65 66 67 69 70 73 74 76 77 79 81 82 83 84 85 87 89 90 91 92 93 96 97 98 102 103 104 105 106 108 109 110 112 113 115 116 117
0 1 2 6 7 8 9 18 23 28 29 30 31 32 33 34 39 43 45 48 52 54 56 59 63 64 67 69 70 72 73 77 82 86 87 89 90 91 92 94 95 96 99 100 102 103 104 105 107 109 110 115
0 1 2 3 6 8 9 11 14 15 16 17 18 19 20 22 23 24 25 26 27 28 32 33 34 38 42 43 44 45 46 48 52 53 54 55 56 59 60 61 63 64 65 67 68 69 70 73 74 76 79 81 82 83 84 86 87 88 89 90 91 93 94 95 99 100 101 104 106 108 109 111 112 114
0 5 8 11 13 15 16 17 18 20 21 22 23 25 27 31 32 34 35 40 41 42 43 47 48 49 50 51 53 54 56 58 59 60 61 63 64 68 70 72 73 75 78 81 82 83 85 86 88 90 92 94 95 97 98 99 100 101 102 103 104 105 106 107 108 109 111 117
0 4 5 8 10 11 13 15 16 21 25 31 35 42 44 45 50 51 53 60 68 71 74 78 80 81 92 102 105 106 116
0 1 2 4 6 8 9 11 12 15 16 18 20 22 23 25 27 28 29 30 32 33 34 35 38 42 45 47 48 49 51 52 53 54 55 57 58 59 60 61 62 64 65 66 67 68 69 70 71 73 74 77 78 81 82 84 85 86 89 90 91 95 98 99 100 104 106 107 108 109 110 111 112 113 114 115 117
5 18 19 21 22 25 37 39 45 50 54 59 64 71 73 79 88 101 104 116
0 5 8 11 12 13 16 19 21 22 23 24 25 26 29 30 31 32 33 37 38 39 43 47 50 51 53 56 57 60 62 66 68 69 70 71 72 74 78 79 80 84 88 90 91 92 93 94 95 100 101 102 103 105 107 110 112 114 115 116
3 4 6 9 10 12 13 14 15 17 20 21 22 23 25 27 28 29 33 34 35 36 37 42 43 44 45 46 47 49 50 52 54 58 59 60 61 63 64 65 67 69 71 73 74 76 78 81 82 83 84 85 86 89 91 93 96 97 98 99 103 104 105 106 108 109 111 113 115 116 117
1 2 3 4 6 9 10 12 13 14 15 17 19 20 22 23 25 27 28 29 33 34 35 36 37 42 43 44 45 46 47 49 52 54 57 58 59 61 62 63 64 65 66 67 69 71 73 74 76 78 79 81 82 83 84 85 89 91 93 96 97 98 99 103 104 106 107 108 109 111 115 116 117
0 1 2 6 8 9 14 26 28 29 30 31 33 35 39 42 45 46 51 52 56 60 65 67 69 71 72 76 80 84 87 88 89 91 93 101 102 106 108 115
5 21 22 45 47 50 71 85 86 88 101
5 9 12 13 14 21 25 26 27 30 48 50 51 61 63 69 76 84 87 88 91 95 96 97 101 105 115
0 1 2 3 4 6 7 8 9 10 11 14 16 17 18 20 22 23 26 27 28 29 30 31 32 33 34 36 37 38 39 43 46 48 49 52 53 54 55 56 57 58 59 60 61 62 63 64 65 66 67 68 70 72 73 74 76 80 82 83 85 86 87 89 90 91 92 94 97 98 99 100 102 103 104 105 107 108 109 111 112 114 115 116
0 1 2 3 4 6 8 9 10 11 12 13 15 16 18 19 20 22 23 26 27 28 29 30 31 32 33 34 35 36 37 38 39 40 41 42 43 44 45 46 48 49 51 52 53 54 57 58 59 60 61 62 64 65 66 67 68 69 70 73 74 75 77 79 81 82 83 85 86 87 89 90 91 92 93 94 95 96 97 98 99 100 102 103 104 105 106 107 108 109 110 111 112 113 114 115 116 117
0 1 2 4 5 8 9 11 13 16 18 21 23 24 25 26 29 31 34 37 39 44 45 47 48 49 50 51 52 53 60 63 68 71 74 78 82 84 86 92 94 95 96 97 102 108 109 113
1 2 4 9 10 11 12 14 15 16 20 23 24 26 29 30 33 35 36 42 44 46 47 48 49 51 52 58 60 65 68 69 71 74 76 78 81 84 85 91 93 97 98 99 106 110 111 113 115 116
0 1 2 4 6 8 9 12 13 14 15 17 18 20 24 25 26 27 28 29 30 31 32 33 34 35 37 39 40 41 42 43 44 45 46 48 49 51 52 54 55 57 58 59 60 61 62 64 65 66 67 69 70 71 73 74 75 76 77 80 81 82 83 84 85 86 87 89 90 91 93 94 96 97 98 99 100 102 103 104 105 106 108 109 110 111 112 114 115 116 117
1 2 3 6 7 9 10 11 13 15 16 18 19 20 23 28 30 31 34 37 39 45 49 51 52 53 54 55 56 58 59 60 64 67 68 70 71 73 77 79 80 81 82 84 85 86 87 89 90 92 93 94 96 97 98 99 102 103 104 105 107 108 109 111 115 116 117
4 5 10 11 13 16 20 21 24 25 32 37 39 44 45 48 49 50 51 53 60 63 68 70 74 78 87 90 93 96 97 99 100 103 107 111 115 116 117
5 6 10 18 21 22 30 31 34 49 50 54 56 59 60 63 64 73 82 86 88 89 92 96 99 101 102 103 104 107 109 115
0 1 2 3 6 7 8 9 10 18 22 23 26 28 29 30 31 34 39 40 41 44 46 48 49 52 54 57 58 59 60 62 63 64 65 66 67 70 72 73 75 80 82 87 89 90 91 92 94 98 99 102 103 104 105 108 109 112 114 115 116
5 10 15 21 23 32 39 50 56 57 58 62 66 71 81 86 88 94 98 99 100 101 103 107
1 2 3 7 9 11 12 14 15 16 17 18 22 23 26 27 29 30 32 33 34 37 43 45 46 47 48 49 52 53 54 59 61 63 64 65 68 70 72 73 76 78 81 82 83 85 86 90 91 94 95 96 97 99 100 104 105 107 108 109 110 112 113 114 115
1 2 3 7 9 10 11 14 15 16 17 20 23 25 27 30 32 36 45 48 51 52 53 54 57 58 59 61 62 63 64 66 68 69 70 73 76 81 83 84 85 86 87 88 90 91 93 94 96 97 98 99 100 101 104 105 107 111 112 113 116 117
0 1 2 3 4 6 7 8 9 14 17 18 20 26 27 28 29 30 31 32 33 35 38 39 42 43 44 45 46 48 49 51 52 54 56 57 58 59 61 62 64 65 66 67 69 70 71 72 73 74 76 80 83 85 86 87 89 90 91 93 94 96 97 98 99 100 102 104 105 106 108 110 111 112 113 114 115 117
0 1 2 3 4 6 8 9 12 14 20 22 23 26 27 28 29 30 32 33 38 39 43 44 45 46 48 49 51 52 54 56 59 61 64 67 69 71 72 73 74 76 83 85 87 89 90 91 93 94 96 97 100 104 108 111 112 114 115
0 4 5 8 10 11 12 13 14 15 16 18 21 22 25 28 29 30 31 33 34 39 43 46 47 49 50 53 56 57 58 60 62 63 66 67 68 69 71 72 74 76 78 81 82 84 86 87 91 92 93 94 95 98 102 108 109 112 113 114 115
0 5 6 8 10 11 15 16 18 21 24 25 28 30 31 34 39 42 48 50 53 56 58 60 67 68 70 71 72 74 80 81 82 86 88 89 90 92 94 98 99 101 102 103 105 106 108 109 112 114 116
5 10 11 12 13 14 15 16 18 21 22 23 27 32 34 36 38 45 47 50 51 61 68 69 71 76 82 83 84 86 87 88 100 101 103 107 109 110 112 114
0 1 2 4 8 9 12 18 20 22 26 29 30 32 33 34 43 45 49 52 56 65 69 70 71 74 82 86 87 88 90 91 94 99 100 101 103 107 109 111 115
5 14 15 21 24 28 45 50 55 67 71 74 76 81 84 88 101 105 108 115 116
0 3 4 5 10 11 12 13 14 15 16 17 20 23 24 25 27 29 31 34 36 39 40 41 42 44 45 46 47 49 51 58 60 61 68 69 70 71 73 74 75 76 78 81 82 83 84 85 87 91 92 93 94 96 98 99 102 103 106 108 109 110 111 112 113 114 115 116
3 4 5 6 9 10 11 12 13 14 15 16 17 20 23 24 25 27 28 29 31 34 36 37 39 40 41 42 44 45 47 51 57 58 60 61 62 66 67 68 69 70 71 73 74 75 76 78 81 82 83 84 85 87 89 90 91 93 94 96 97 98 99 102 103 105 106 108 109 110 111 112 114 115 116 117
1 2 9 10 11 12 13 16 18 19 20 25 29 30 31 32 33 37 43 46 47 48 49 51 52 53 56 58 60 63 68 69 70 77 78 79 84 85 86 87 90 92 94 95 96 97 98 99 100 102 103 107 111 113 115
4 5 6 11 12 14 15 16 18 19 20 21 22 26 28 29 30 33 34 37 38 39 43 47 50 53 57 58 62 63 65 66 67 68 69 76 77 78 79 81 82 85 88 89 91 94 95 97 98 99 101 105 107 108 109 111 112 113 114
0 3 5 7 8 11 15 21 22 26 32 33 38 43 47 50 53 56 65 68 71 78 81 85 88 90 91 99 100 101 105 108 113 116
0 3 5 6 8 10 11 15 16 17 20 21 26 27 28 31 32 33 38 39 43 47 50 53 55 56 58 61 65 67 68 71 78 81 83 85 88 89 90 91 92 98 99 100 101 102 108 111 116
4 5 10 11 12 13 14 16 17 19 21 25 27 30 33 37 40 41 43 44 45 46 47 50 51 53 61 68 69 72 74 75 76 78 79 83 84 87 91 96 97 116
1 2 9 10 12 14 15 18 22 23 26 29 32 34 46 48 52 63 69 70 76 81 82 84 90 91 93 97 99 100 103 107 108 109 110 115
5 10 14 18 21 22 34 45 50 63 76 82 88 93 95 96 101 107 109 113
0 5 8 10 15 21 22 25 45 47 50 51 56 57 58 62 66 71 78 81 84 88 98 101 107 116
1 2 4 9 10 11 12 13 14 15 16 18 19 20 24 25 27 29 30 34 37 44 45 47 48 49 51 52 53 56 61 63 68 69 70 74 76 78 79 81 82 83 84 86 90 91 93 94 96 97 99 103 107 108 109 110 111 115 116 117
1 2 3 4 6 7 8 9 11 15 16 18 20 23 24 25 28 29 32 34 39 43 44 46 48 49 52 53 58 67 68 70 74 81 82 85 86 87 88 89 90 91 94 95 98 99 100 101 103 105 107 108 109 111 113
1 2 3 4 9 11 12 13 14 16 18 22 23 25 26 27 29 30 31 33 35 40 41 42 43 45 46 48 49 52 53 56 60 61 63 65 68 69 70 75 76 77 80 83 84 90 92 94 95 96 97 99 102 103 106 108 110 112 113 114 115
0 4 5 10 11 13 14 15 21 23 24 25 27 33 39 43 44 45 50 51 53 56 61 65 68 69 74 76 77 78 81 84 88 93 95 96 99 101 103 105 116 117
0 1 2 7 8 9 13 14 15 18 20 22 23 25 26 29 30 33 34 35 42 43 45 46 47 48 49 51 52 54 55 56 57 58 59 60 62 64 66 69 71 73 76 78 82 84 85 87 93 95 96 97 98 103 104 105 106 107 108 109 110 111 115
0 3 4 8 11 13 15 16 17 22 25 27 31 38 51 53 61 63 68 72 80 81 83 84 88 91 95 97 101 102 105 108
1 2 4 9 12 15 17 20 24 25 27 29 32 33 43 44 45 46 48 49 51 52 56 58 61 72 74 81 83 85 86 87 91 93 96 97 98 103 108 110 111 115 117
4 5 11 15 16 21 28 32 47 50 53 67 68 71 74 81 84 88 95 100 101 108 110
1 2 4 6 7 8 9 10 12 13 15 17 18 20 22 23 25 26 27 28 29 30 33 34 35 36 38 39 40 41 42 43 45 48 49 51 52 55 61 63 67 70 74 75 77 81 82 83 85 86 87 89 90 91 93 94 103 105 106 108 109 111 117
1 2 3 4 6 7 12 13 14 15 20 23 25 27 29 33 37 39 40 41 43 45 46 48 49 51 52 54 55 58 59 61 63 64 65 67 69 70 73 75 76 77 81 83 84 85 87 89 90 91 93 94 97 98 99 103 104 105 108 110 111 113 115 117
0 1 2 3 4 7 8 9 10 17 20 22 23 26 27 29 30 33 36 38 40 41 43 44 45 46 48 49 52 54 56 58 59 60 61 64 67 70 71 73 74 75 77 83 85 86 87 90 91 94 97 98 99 103 104 105 107 108 110 111 113 115 117
5 16 18 19 20 21 22 32 35 40 41 42 45 47 50 53 58 60 63 67 75 78 79 85 88 95 96 98 99 100 101 106 111 112 114
4 5 15 18 20 21 22 26 32 34 35 42 46 48 50 54 55 57 58 59 60 62 64 66 70 71 73 74 81 82 84 87 88 90 94 97 98 99 100 101 103 104 106 109 111 113 116 117
5 14 21 22 23 45 47 50 71 76 78 88 101 108 113
4 5 10 11 18 21 31 47 50 53 60 68 74 80 88 92 95 99 101 102 107
3 5 10 11 12 13 14 16 19 20 21 22 25 33 36 37 43 47 50 51 53 54 59 64 68 69 71 73 76 78 79 84 88 93 97 101 104 108 111 116 117
0 1 2 8 9 12 13 14 26 29 30 33 38 43 46 47 48 49 51 52 56 65 70 76 77 78 84 88 90 91 93 94 95 97 99 101 103 107 110 112 113 114 115
1 2 4 6 12 13 14 22 25 26 28 29 33 37 43 45 46 47 48 49 51 52 54 56 57 59 62 63 64 66 67 69 71 73 74 76 77 78 84 86 89 91 93 95 96 97 103 104 108 115 116
1 2 6 9 12 13 18 24 25 26 28 29 30 33 34 43 46 47 48 49 51 52 56 63 65 67 69 71 74 78 82 84 86 87 89 91 93 95 97 99 103 107 108 109 110 115 117
0 1 2 4 5 8 9 11 14 15 18 21 26 31 32 33 34 36 43 45 48 49 50 52 53 54 56 59 64 65 68 70 71 73 74 81 82 84 86 87 88 90 91 92 94 99 100 101 102 104 107 109 110 113 116
5 6 10 12 13 14 20 21 23 25 28 29 31 33 39 43 45 46 47 48 49 50 51 54 56 57 58 59 60 62 63 64 65 66 67 69 73 76 77 78 80 84 85 89 90 91 92 93 96 97 98 99 102 104 108 110 111 112 113 115 116 117
1 2 3 4 6 9 10 11 12 13 15 16 17 18 19 22 23 25 26 27 28 29 31 32 34 35 36 37 42 44 46 47 48 49 51 52 53 54 56 57 59 60 61 62 63 64 66 67 68 69 70 73 74 78 79 80 81 82 83 84 85 86 87 89 90 93 94 96 97 99 100 102 103 104 106 107 109 110 116
0 5 8 9 10 11 13 15 16 17 18 21 22 25 26 27 31 32 50 51 53 56 60 61 68 71 78 81 83 88 92 94 95 99 100 101 102 107 112 114 116
0 5 8 11 16 21 35 39 40 41 42 45 50 53 60 63 68 72 75 88 90 95 96 101 103 106
5 7 9 10 11 12 13 14 16 17 21 23 25 26 27 29 36 37 39 40 41 47 50 51 53 61 63 65 68 69 75 76 78 83 84 87 91 93 95 97 105 113 115 116 117
3 4 5 9 10 14 15 16 20 21 22 23 24 25 26 29 30 33 34 35 39 40 41 42 44 46 50 54 55 57 58 59 60 62 64 65 66 71 72 73 74 75 76 81 82 84 85 86 91 94 98 99 104 106 109 110 111 113 115 116 117
1 2 4 6 9 10 11 12 13 14 15 16 18 19 20 25 27 29 30 33 36 43 44 45 46 48 49 51 52 53 56 58 61 63 68 69 74 76 78 79 81 85 87 89 91 93 95 96 97 98 99 103 107 108 110 111 115 116 117
5 6 8 11 13 14 15 16 18 19 20 21 22 23 24 25 27 28 32 33 34 35 37 38 42 43 45 47 50 53 56 57 58 61 62 63 66 67 68 74 76 78 79 81 82 84 85 86 87 88 89 93 95 96 98 99 100 101 106 107 108 109 111
0 1 2 4 6 8 9 12 15 20 23 24 26 28 29 30 32 33 34 42 43 44 45 46 48 49 51 52 56 58 60 63 67 69 70 72 74 81 82 85 86 89 90 91 93 94 96 97 98 99 100 103 106 107 109 110 111 112 113 114 115 117
1 2 3 4 9 10 11 12 13 14 15 16 17 18 19 24 25 26 27 29 30 33 34 36 37 43 44 46 48 49 51 52 53 54 59 61 64 68 69 70 71 72 73 74 76 77 79 81 82 83 84 86 87 90 91 93 94 96 97 99 104 105 108 109 110 116 117
5 10 11 15 16 21 23 27 32 40 41 48 50 53 61 68 70 75 81 83 88 90 100 101 107 108 116
0 1 2 4 6 8 9 12 13 14 18 20 22 26 28 29 30 31 32 33 34 35 39 42 43 45 46 47 48 49 51 52 53 54 56 57 58 59 60 62 63 64 65 66 67 69 70 71 73 74 76 78 82 84 85 86 87 89 90 91 93 94 95 96 97 98 99 100 102 103 104 106 107 108 109 110 111 113 115 117
1 2 6 8 9 10 12 16 18 19 20 22 23 26 28 29 30 31 32 33 34 37 38 39 40 41 43 48 52 54 55 57 58 59 60 62 63 64 66 67 69 70 72 73 75 77 79 80 82 84 85 87 89 90 91 92 94 95 97 98 99 100 102 103 104 107 108 109 111 115 117
0 4 5 6 7 8 10 14 21 22 23 28 31 33 38 40 41 43 44 50 54 55 59 64 67 71 73 74 75 76 80 87 88 89 101 102 104 105 108 110 113
5 6 7 15 18 21 22 28 31 34 39 40 41 43 47 50 55 60 67 70 71 75 80 81 82 85 88 89 90 92 94 99 101 102 103 105 109 117
5 10 12 13 14 21 22 26 35 42 47 48 49 50 51 54 57 58 59 60 62 64 66 70 71 73 76 78 84 86 90 93 94 97 98 104 106 115
0 5 8 11 14 16 21 22 25 28 31 35 42 50 51 53 57 58 60 62 66 67 68 69 71 76 78 84 88 92 93 95 96 98 101 102 106
0 3 5 8 10 11 17 21 27 29 30 31 32 39 50 51 53 54 56 59 60 61 63 64 65 68 73 80 83 84 87 88 91 92 93 94 95 99 100 101 102 104 107 113 115 116 117
0 1 2 4 6 8 9 10 11 12 14 16 18 20 26 28 29 30 32 33 34 43 45 46 47 48 51 52 53 56 58 63 67 68 69 70 74 76 82 85 86 87 88 89 90 91 93 94 95 96 98 99 100 101 103 107 108 109 111 113 115 117
0 1 2 6 8 11 16 18 19 20 26 28 29 31 32 33 34 37 38 39 45 46 47 49 52 53 54 56 59 60 63 64 65 67 68 69 70 72 73 77 78 79 80 82 86 89 90 91 92 93 94 95 96 97 100 102 103 104 107 109 110 111 112 114 115
0 1 2 6 8 9 10 12 13 14 18 22 25 29 30 32 33 34 36 38 39 43 46 48 49 51 52 54 56 59 64 65 68 70 72 73 76 78 82 84 85 86 87 88 89 90 93 95 97 100 101 103 104 107 109 110 112 113 114 115 117
4 5 10 11 12 20 21 24 25 30 36 37 40 41 44 45 46 49 50 53 63 68 69 74 75 85 93 96 97 111 116
1 2 8 9 11 16 23 24 25 26 29 38 40 41 49 52 53 63 68 70 74 75 87 88 90 96 101 103 105 107 116
1 2 11 12 13 16 23 25 27 29 31 33 39 43 45 47 49 51 52 53 54 59 61 64 68 69 71 73 78 83 84 87 91 92 93 95 96 97 102 104 108
1 2 3 4 6 7 9 11 12 13 15 16 18 20 22 23 24 25 26 28 29 30 31 33 34 39 40 41 42 43 44 45 46 49 52 53 55 57 58 62 65 66 67 68 69 70 71 74 75 77 78 80 81 82 84 85 87 89 90 91 94 95 96 97 98 99 102 103 105 106 108 109 110 111 112 114 115
0 1 2 4 6 8 9 10 11 13 15 16 18 23 25 26 27 28 29 30 34 35 36 37 39 42 44 46 47 49 51 52 53 56 57 58 60 61 62 66 67 68 70 71 74 78 81 82 83 84 86 87 88 89 91 94 95 97 98 99 101 103 105 106 107 109 112 114 115
0 3 4 5 8 11 12 13 15 16 20 21 24 25 33 38 40 41 43 44 45 50 53 68 69 71 74 75 81 85 90 96 111 116
1 2 3 4 6 7 8 9 12 13 14 23 25 26 28 29 30 33 38 40 41 43 46 48 49 51 52 54 59 63 64 67 70 72 73 75 76 78 84 87 89 90 91 93 95 97 104 105 108
0 5 8 11 16 21 31 35 38 39 42 45 50 53 60 63 68 72 80 88 92 95 96 101 102 106
0 5 6 7 8 11 15 16 21 28 31 35 37 38 39 42 45 50 53 60 63 67 68 72 80 81 88 89 92 95 96 101 102 103 105 106 108
0 1 2 4 6 8 9 10 12 13 14 15 20 23 25 26 27 28 29 30 31 32 33 38 43 44 45 46 47 49 51 52 54 55 58 59 61 63 64 65 67 69 70 71 73 74 76 77 78 81 83 84 85 86 89 90 91 92 93 95 97 98 100 102 103 104 105 108 110 111 116 117
1 2 4 9 10 12 13 14 15 20 25 26 27 29 30 32 33 35 42 43 44 45 46 47 48 49 51 52 54 55 56 57 58 59 61 62 63 64 65 66 69 70 71 73 74 76 77 78 81 83 84 85 86 87 91 93 95 96 97 98 100 103 104 106 107 108 110 111 113 115 116 117
0 1 2 3 4 6 8 9 12 13 14 19 20 23 25 29 30 32 33 37 38 39 40 41 43 46 48 49 51 52 54 57 58 59 62 63 64 65 66 69 70 72 73 74 75 76 78 79 84 85 86 87 89 90 91 93 94 95 97 98 100 103 104 105 107 111 112 114 115 117
1 2 4 6 7 9 10 11 12 13 15 16 17 18 20 22 23 24 25 27 28 29 30 32 34 35 36 37 42 44 46 47 48 51 52 53 56 57 58 61 62 63 66 67 68 69 70 74 78 81 82 83 84 85 86 87 89 90 91 93 94 96 97 98 100 105 106 107 108 109 111 116 117
0 5 8 10 11 15 16 18 19 21 22 23 30 32 34 35 37 42 50 53 60 63 68 71 72 79 81 82 86 88 94 96 97 100 101 106 107 109 113 116
3 4 5 10 12 13 14 17 18 20 21 24 25 27 29 32 33 34 36 39 43 44 46 47 48 49 50 51 54 58 59 61 64 65 69 71 72 73 74 76 78 82 83 84 85 86 87 91 93 97 98 100 103 104 105 108 109 110 111 117
5 12 14 15 21 22 23 26 29 30 32 33 43 45 47 48 50 51 54 59 63 64 65 69 70 73 76 81 88 90 91 94 96 100 101 104 107
0 4 5 6 8 11 13 14 15 16 17 19 21 22 23 25 27 28 31 35 37 38 42 43 47 48 50 51 53 54 56 59 61 63 64 65 67 68 73 76 78 79 81 83 86 88 89 90 92 94 95 97 99 101 102 104 106 107 108 110 113 115
0 1 2 3 6 7 8 9 11 12 15 16 18 22 23 26 28 32 33 34 38 39 40 41 43 45 46 47 48 49 51 52 53 54 56 57 59 62 64 65 66 67 68 70 71 72 73 75 77 78 81 82 86 87 89 90 94 95 97 99 100 103 104 105 107 108 109 112 114
0 1 2 4 5 8 9 10 12 13 21 25 26 29 31 35 36 37 38 39 42 44 46 48 49 50 51 52 54 56 59 60 64 65 70 71 73 74 77 80 87 88 90 91 92 97 99 101 102 103 104 106 110 112 113 114 115
1 2 3 9 12 13 14 19 20 22 25 26 29 30 36 39 46 47 48 49 51 52 54 57 58 59 62 63 64 66 69 70 71 73 76 77 79 85 87 90 91 93 94 96 97 98 104 111 112 113
1 2 8 11 14 16 18 26 29 31 32 33 34 38 39 43 45 46 48 52 53 60 68 69 70 76 77 82 84 86 87 88 92 94 95 96 100 101 102 103 107 109
2 4 6 9 16 18 19 25 28 30 31 32 34 35 39 40 41 42 48 49 51 52 55 57 58 60 62 63 66 67 70 72 74 75 80 82 85 87 89 90 92 94 95 97 98 99 100 102 105 106 109 112 114
1 2 9 11 12 13 16 19 25 26 29 33 36 37 39 43 45 46 47 48 49 51 52 53 54 56 59 64 68 69 73 77 78 79 91 93 95 96 97 104 105 110 112 114 115
1 2 4 6 9 11 12 13 15 16 19 25 26 28 29 31 33 37 39 43 45 46 47 48 49 51 52 53 54 59 64 67 68 69 73 74 77 78 79 81 89 91 92 93 95 96 97 99 102 104 110 115 117
5 6 12 13 14 18 20 21 22 25 26 28 30 34 45 48 50 51 55 58 63 67 71 78 82 84 85 86 88 89 91 94 95 96 98 99 101 107 109 111 115
3 5 6 12 13 14 18 21 25 29 31 32 34 50 51 54 59 60 63 64 67 70 71 73 76 77 80 82 84 87 88 89 90 92 94 95 100 101 102 104 108 109
1 2 9 19 22 23 24 25 26 28 29 30 35 37 40 41 42 43 44 46 48 49 52 54 56 57 59 60 62 64 66 67 71 73 74 75 79 84 87 91 95 96 97 104 106 108 115 117
0 6 8 10 11 12 13 14 16 17 18 19 22 23 25 26 27 28 30 32 33 34 36 38 43 46 47 48 51 53 54 57 58 59 61 62 64 66 67 68 70 72 73 76 77 78 79 82 83 84 87 88 89 90 91 93 96 98 99 100 101 103 104 107 109 112 116
1 2 3 9 12 13 14 15 22 26 29 31 32 33 43 45 48 49 52 54 55 59 63 64 69 70 73 76 80 81 86 87 88 90 91 96 99 100 101 102 104 108 112 113 114 115 117
0 3 4 5 6 7 8 14 15 18 20 21 23 24 26 28 30 33 34 39 43 44 50 55 57 58 62 66 67 71 72 74 76 81 82 84 85 88 89 98 99 101 105 107 109 111 115 116
0 4 5 8 12 13 14 15 16 21 23 24 25 29 33 43 44 46 47 48 49 50 51 56 57 60 62 63 66 69 71 74 76 77 78 81 85 86 89 91 93 97 99 103 110 115 116
1 2 4 7 9 11 12 13 14 16 18 19 20 22 23 24 26 29 30 32 33 34 37 40 41 43 44 45 46 48 49 51 52 53 56 58 63 68 69 74 75 76 77 79 82 91 93 95 96 97 98 99 100 105 109 110 111 113 115 117
0 1 2 4 8 9 12 13 18 20 24 25 26 29 32 33 35 38 39 42 44 45 47 48 52 54 56 58 59 60 64 65 70 71 73 74 77 78 85 87 90 94 97 98 99 100 103 104 106 107 111 117
1 2 6 7 9 11 14 16 19 20 22 26 28 29 30 31 32 46 48 49 52 53 54 56 58 59 60 63 64 67 68 73 76 77 79 80 84 85 86 87 88 89 91 93 95 98 99 100 101 102 103 104 105 107 110 111 115
0 1 2 4 6 8 9 11 15 16 20 23 26 28 29 30 31 32 34 35 37 38 39 40 41 42 43 45 46 48 49 52 53 55 57 58 60 62 66 67 68 70 71 72 75 77 80 81 82 85 86 87 88 89 90 92 94 95 96 97 98 99 100 101 102 103 106 107 108 109 111 112 113 114 115 117
0 1 2 3 4 6 8 9 10 11 12 13 16 18 19 20 25 28 29 30 33 34 36 37 38 40 41 42 43 44 46 48 49 51 52 53 54 55 57 58 59 62 64 66 67 68 70 71 73 74 75 79 82 84 85 86 87 89 90 91 93 94 95 97 98 99 103 104 106 107 108 109 110 111 115 116 117
0 1 2 4 6 8 9 14 18 19 22 23 26 28 29 31 32 33 34 37 38 39 43 46 48 49 52 54 56 57 58 59 60 62 64 66 67 69 71 72 73 74 76 77 79 80 82 88 89 91 92 93 97 98 100 101 102 103 104 107 108 109 110 112 114 115
4 5 16 19 21 26 30 31 37 50 60 63 74 79 84 85 88 92 96 101 102 103 107
0 1 2 3 4 8 9 10 11 12 13 14 15 16 18 20 22 23 24 25 29 31 33 34 36 39 40 41 43 44 46 48 49 51 52 53 57 58 62 63 65 66 68 69 70 72 74 75 76 78 81 82 84 85 87 90 91 92 93 94 96 97 98 102 108 109 111 112 113 114 115 116 117
0 1 2 3 8 9 12 14 20 22 26 27 29 30 33 38 43 46 48 49 52 54 56 57 58 59 61 62 63 64 65 66 69 70 73 76 83 85 86 90 94 97 98 99 104 105 107 108 111 113 115 117
0 1 2 4 7 8 9 12 14 15 17 18 20 22 23 26 27 29 30 32 33 34 42 43 44 45 46 48 49 52 54 56 57 58 59 60 61 62 63 64 65 66 69 70 71 73 74 76 81 82 83 85 86 87 91 93 96 98 99 100 103 104 105 106 107 108 109 111 113 115
0 1 2 3 4 6 7 8 9 12 14 15 20 22 23 26 27 28 29 30 31 32 33 34 38 39 40 41 42 43 44 45 46 49 52 54 56 57 58 59 60 61 62 64 65 66 67 69 71 72 73 74 75 76 81 82 83 85 86 89 92 96 97 98 100 102 104 105 106 108 109 111 112 113 114 115 117
0 5 6 8 14 15 20 21 22 28 29 30 31 32 35 39 42 45 46 48 50 54 56 57 58 59 60 62 63 64 65 66 67 71 72 73 76 80 81 84 85 88 89 92 94 96 98 99 100 101 102 104 106 107 111 113 117
0 4 5 8 21 22 35 42 44 45 47 50 60 63 71 72 74 86 87 88 101 103 106
3 5 9 10 11 12 14 20 21 23 26 29 30 32 36 45 46 47 50 53 54 56 58 59 63 64 68 69 70 73 76 78 84 85 86 87 88 90 91 94 95 96 98 99 100 101 104 108 111 113 116 117
0 4 5 6 8 15 18 21 28 32 34 35 38 40 41 42 45 50 54 55 59 60 63 64 67 71 73 74 75 81 82 86 88 89 96 99 100 101 103 104 106 107 109
5 6 9 11 12 15 16 18 21 25 28 31 32 33 34 39 43 45 47 49 50 53 57 58 60 62 63 66 67 68 69 78 81 82 86 87 88 89 91 92 94 95 96 98 100 101 102 109
1 2 16 18 20 22 30 32 33 34 35 42 43 46 48 52 56 58 60 70 71 77 82 84 85 86 88 90 91 94 95 98 100 101 103 106 109 111 113 115
1 2 4 6 9 11 12 13 14 15 16 20 22 25 26 27 28 29 30 31 32 33 39 43 45 46 48 49 52 53 54 56 57 59 60 61 62 64 66 68 69 71 72 73 74 76 78 81 84 85 86 87 88 89 90 91 92 93 95 96 97 100 101 102 104 110 111 115 117
4 5 6 7 10 11 12 13 14 15 16 19 20 21 24 25 27 28 29 32 37 45 47 50 51 53 57 58 60 61 62 63 66 67 68 69 74 76 78 79 81 83 85 89 91 93 96 97 98 100 105 107 111 112 113 114 116
0 5 8 12 13 15 16 19 21 23 24 25 27 33 37 43 44 47 49 50 51 54 59 61 63 64 69 73 74 78 79 81 83 84 88 93 94 96 97 99 101 104 116
5 8 13 14 21 22 38 39 47 50 51 54 57 59 62 64 66 73 76 78 84 88 95 101 104 105 115
3 4 5 11 13 15 16 20 21 22 31 32 33 35 38 39 42 43 45 49 50 53 56 58 60 65 68 70 71 81 84 85 86 88 90 92 93 94 95 97 98 100 101 102 106 111
3 4 5 15 20 21 24 25 34 39 40 41 44 50 54 55 58 59 64 71 73 74 75 81 82 85 86 98 104 109 111 112 114 116 117
0 3 4 5 8 10 11 12 13 14 15 16 17 18 21 22 23 25 26 27 28 29 31 33 34 35 38 42 43 46 47 48 49 50 53 54 55 56 59 60 61 64 65 68 69 70 71 73 74 76 78 80 81 82 83 88 90 92 93 94 95 97 101 102 104 105 106 108 109 110 113 115
0 3 4 5 8 11 12 13 17 18 21 25 26 27 29 34 35 39 42 46 47 48 50 53 54 56 57 59 60 61 62 64 66 69 70 71 73 78 82 83 88 90 93 94 95 97 101 104 106 108 109 112 113 114 115
0 1 2 3 4 6 8 10 12 13 16 17 18 19 20 24 25 27 28 30 31 32 33 34 37 38 39 43 44 45 46 47 48 49 51 52 54 55 59 60 61 63 64 67 69 70 72 73 74 78 79 80 82 83 84 85 86 87 89 90 91 92 93 94 95 97 99 100 102 103 104 107 108 109 110 111 112 114 117
0 5 6 8 11 15 16 17 20 21 27 28 31 35 38 39 40 41 42 47 50 53 57 58 60 61 62 63 66 67 68 72 75 81 83 84 85 88 89 92 94 95 98 99 101 102 105 106 111 112 113 114
3 4 5 7 17 18 21 27 32 45 47 50 61 71 74 78 83 84 88 94 100 101 105 113
0 4 5 8 12 14 18 20 21 31 32 34 36 39 50 56 57 58 60 62 66 69 70 71 74 76 80 82 84 86 87 88 90 92 93 94 98 100 101 102 103 107 109 111 116
1 2 5 6 9 10 11 15 20 21 23 25 26 28 29 35 36 40 41 42 50 53 54 56 57 58 59 62 63 64 65 66 67 68 71 73 75 77 78 81 85 87 88 89 91 93 96 98 99 101 103 104 105 106 111 113 115 116
0 5 8 14 18 20 21 22 31 34 38 39 50 60 63 76 80 82 85 86 88 92 93 95 96 101 102 107 109 111 112 114
0 1 2 4 6 7 9 13 14 15 20 22 23 26 28 29 30 31 32 33 43 46 48 51 52 54 55 56 57 58 59 62 64 65 66 67 71 72 73 74 76 77 78 81 85 86 87 89 93 95 98 99 100 102 103 104 105 107 110 111 112 113 114 115 117
0 1 2 4 6 8 10 11 12 13 16 18 19 22 25 26 27 28 29 31 33 34 36 37 43 44 46 48 49 51 52 53 60 61 67 68 69 70 71 72 74 78 79 82 84 87 89 90 91 92 93 95 97 102 103 109 110 112 114 115 116
0 3 5 6 11 12 14 15 21 22 28 39 43 45 49 50 53 63 67 68 69 76 81 85 86 88 95 96 101 105 110
0 1 2 3 4 6 8 9 10 12 13 15 17 18 20 22 23 24 25 26 27 28 29 30 31 32 33 34 35 36 37 38 39 40 41 42 43 44 46 48 49 51 52 55 56 57 58 60 61 62 63 65 66 67 70 72 74 75 77 81 82 83 85 86 87 89 90 91 92 93 94 96 97 98 100 102 103 106 108 109 110 111 112 114 115 116 117
1 2 6 9 10 15 20 26 28 29 32 52 57 58 62 66 67 71 81 86 87 88 89 98 100 101 111 115
0 3 5 10 11 12 13 14 16 18 19 20 21 22 23 26 28 32 33 34 35 37 42 43 47 48 49 50 51 53 54 56 58 59 60 63 64 67 68 69 73 76 78 79 82 86 88 91 97 98 99 100 101 103 104 105 106 107 108 109 111 113 115 116 117
0 3 4 6 8 9 10 11 12 16 17 18 20 22 23 25 26 27 28 29 30 31 34 39 44 53 57 58 60 61 62 66 67 68 69 71 74 76 82 83 84 85 87 89 92 94 97 98 99 102 109 111 113 116
4 5 6 11 14 15 16 21 22 25 27 28 30 31 39 43 46 47 50 53 54 59 61 64 67 68 71 73 74 76 78 81 84 88 89 92 93 95 97 101 102 104
0 4 5 6 8 10 11 15 16 21 26 28 30 32 40 41 45 50 53 67 68 71 74 75 81 88 89 94 100 101 113 116
1 2 3 4 6 9 11 12 13 14 16 17 18 20 23 24 25 26 27 28 29 30 31 32 33 34 35 36 37 39 40 41 42 43 44 45 46 47 48 49 51 52 53 54 56 58 59 60 61 63 64 65 67 68 69 70 72 73 74 75 76 77 78 82 83 84 85 86 89 90 91 92 93 94 96 97 98 99 100 102 103 104 106 107 108 109 110 111 113 115 116 117
6 11 12 13 16 18 19 22 25 28 30 31 34 37 46 48 49 51 53 54 57 59 60 62 63 64 66 67 68 70 73 77 79 82 84 88 89 90 92 93 94 95 96 97 101 102 103 104 107 109 110 115 116
0 4 8 11 12 15 16 17 18 20 27 28 31 35 39 42 43 45 46 47 53 56 57 58 60 61 62 63 66 67 68 69 70 78 80 81 83 85 89 94 95 96 97 98 99 102 106 107 108 111
1 2 6 9 12 13 14 17 18 26 27 28 29 30 31 32 33 39 42 43 46 47 48 49 51 52 53 54 56 57 58 59 60 61 62 63 64 66 67 69 70 73 76 78 80 83 84 86 87 89 90 91 93 94 95 97 98 99 100 102 103 104 106 107 112 114 115
0 1 2 4 8 9 11 12 13 14 15 16 18 20 22 26 29 30 32 33 35 42 46 47 48 51 52 53 55 56 58 60 63 65 68 69 70 74 76 77 78 81 84 85 86 87 90 93 94 95 98 99 100 103 106 107 110 111 115 117
0 5 6 8 10 11 16 18 21 28 31 34 39 45 47 50 53 57 58 60 62 63 66 67 68 78 82 88 89 92 96 98 99 101 102 109 116
3 5 9 13 14 15 21 22 25 30 47 48 50 54 59 63 64 67 69 70 72 73 76 78 81 87 88 94 100 101 103 104 105 113
0 5 8 21 22 28 31 34 35 38 39 40 41 42 48 50 53 60 67 72 75 80 81 82 86 88 92 95 101 102 106 107 109 112 114
5 21 35 39 42 47 50 54 59 60 63 64 73 78 88 95 96 101 104 106
5 8 10 15 16 18 21 22 31 32 34 35 38 39 42 50 56 60 81 82 88 90 92 100 101 102 105 106 107 109
0 1 2 3 4 6 8 9 10 11 12 13 15 16 17 18 20 22 23 25 27 28 29 30 33 34 36 38 39 40 41 43 45 46 48 49 51 52 53 55 56 57 58 61 62 63 65 66 67 68 70 72 74 75 77 81 82 83 84 85 87 89 90 94 95 96 97 98 99 103 105 108 109 110 111 112 113 114 115 116
0 3 4 5 6 7 8 9 10 12 13 15 17 20 21 22 24 25 26 27 28 29 31 33 34 36 38 39 40 41 43 44 45 46 48 49 50 51 55 56 57 58 60 61 62 65 66 67 69 71 72 74 75 78 80 81 82 83 85 86 89 91 92 93 96 97 98 99 102 103 105 108 109 110 111 112 113 114 115 116 117
0 3 4 5 6 7 8 10 11 14 15 16 21 23 31 32 35 38 39 42 47 50 53 56 60 68 71 72 76 78 80 81 88 89 90 91 92 100 101 102 105 106 108 116
1 2 3 5 6 9 10 14 15 18 20 21 22 23 28 29 30 32 34 36 37 39 47 50 52 55 56 58 67 70 71 76 81 82 84 85 86 87 88 89 90 91 93 98 100 101 108 109 111 116
0 3 5 6 7 8 12 15 21 22 23 26 28 31 32 38 39 45 46 49 50 56 60 67 70 71 72 80 81 88 89 90 91 92 94 96 99 100 101 102 105 107 108 112 113 114
0 5 8 12 13 21 24 25 31 38 39 44 50 51 57 60 62 66 72 74 80 88 92 93 94 101 102 107
1 2 3 4 6 9 10 11 12 13 14 15 17 20 22 25 26 27 28 29 30 39 46 48 49 51 52 53 54 56 58 59 61 64 65 67 68 69 70 73 74 76 77 81 83 84 85 87 89 90 91 93 94 95 96 97 98 104 108 111
5 6 9 15 17 18 21 22 23 27 32 33 34 35 42 43 45 47 48 49 50 55 56 60 61 63 65 69 70 77 81 82 83 84 87 88 89 94 96 99 100 101 103 106 107 109
0 1 2 4 8 9 15 18 23 26 29 30 32 33 34 38 43 44 45 47 48 52 56 57 58 62 63 66 69 70 71 74 78 81 82 84 85 86 87 90 91 93 94 95 96 98 99 100 103 107 109 112 113 114 115
0 1 2 7 8 9 11 12 15 16 17 18 20 22 26 27 28 29 30 32 33 34 43 45 46 47 48 49 51 52 53 56 58 61 63 67 68 69 70 77 78 81 82 83 84 86 87 90 93 94 95 96 97 98 99 100 103 105 107 108 109 110 111 113 115 117
9 11 12 13 14 16 26 29 30 33 43 45 49 51 53 56 63 68 69 76 78 84 87 88 91 95 96 101 115
1 2 9 11 12 13 17 20 22 24 25 26 27 29 30 39 43 44 46 47 48 49 51 52 53 54 56 59 61 64 68 69 71 73 74 78 83 86 87 93 95 97 99 103 104 107 108 110 111 112 114 115 117
4 5 6 13 18 21 25 27 28 34 35 39 42 45 47 50 51 56 60 61 67 69 71 74 78 82 86 88 89 99 101 103 105 106 109
0 4 5 7 8 9 10 12 13 14 15 20 21 22 23 25 26 27 29 30 32 33 35 37 42 43 44 45 46 47 48 49 50 51 54 55 56 57 58 59 61 62 64 65 66 67 69 71 73 74 76 78 81 83 85 86 89 91 93 97 98 100 104 105 106 107 108 110 111 112 114 115 116 117
1 2 4 6 8 13 14 15 18 22 23 26 28 30 32 33 34 38 39 43 46 47 48 52 53 54 56 59 63 64 65 67 70 72 73 74 76 78 81 82 84 86 89 90 94 95 96 97 99 100 103 104 107 108 109 113 115
5 6 10 11 16 20 21 28 30 31 32 39 47 50 53 54 59 60 64 67 68 73 80 85 88 89 92 100 101 102 104 111 116
5 17 19 21 23 27 35 40 41 42 50 61 63 75 79 83 88 93 95 96 101 105 106 116
1 2 6 8 9 12 13 14 17 18 22 23 26 27 28 29 30 32 33 34 38 42 43 45 46 48 52 56 57 58 60 61 62 65 66 67 69 70 71 72 76 82 83 86 89 90 91 93 94 95 96 98 99 100 103 106 109 110 113 115 116
1 2 3 4 9 10 18 20 21 22 27 30 32 33 34 35 36 42 43 50 51 52 53 60 61 63 65 69 70 74 82 83 85 86 87 88 90 93 94 95 99 100 101 103 106 107 108 109 111
3 5 6 8 9 15 18 20 21 23 28 29 32 33 34 38 39 50 58 63 65 67 70 81 82 84 85 86 88 90 94 96 98 99 100 101 105 107 108 109 111
3 5 6 8 10 11 13 14 15 16 17 18 20 21 25 27 28 30 34 36 38 40 41 50 53 55 58 61 68 69 70 75 76 81 82 83 85 86 88 89 90 93 94 95 96 98 101 103 107 109 111 117
1 2 6 7 9 15 17 18 19 20 22 23 24 26 27 28 29 30 34 37 39 45 48 49 52 54 55 56 57 58 59 61 62 64 66 67 70 71 73 74 79 81 82 83 86 87 89 90 91 94 95 96 97 98 99 103 104 105 108 109 111 113 115 117
0 1 2 4 8 9 16 19 26 29 31 45 49 51 52 54 59 60 64 69 71 73 74 76 78 79 84 86 91 92 93 97 99 102 103 104 110 116
1 2 9 12 13 14 18 19 20 22 25 26 27 29 30 32 33 34 37 43 45 48 49 51 52 54 56 59 61 63 64 69 70 71 73 76 79 82 84 85 87 88 91 94 95 96 97 100 101 103 104 109 110 111 113 115
0 1 2 4 6 8 9 10 11 12 13 14 16 18 19 20 23 26 28 29 30 32 33 34 35 38 39 40 41 42 43 44 45 46 47 48 49 51 52 53 56 57 58 62 63 65 66 67 68 69 70 72 74 75 76 79 82 85 87 89 90 91 93 94 95 96 97 98 99 100 103 105 106 108 109 111 113 115 116 117
0 1 2 6 8 9 11 12 13 14 15 16 20 25 26 28 29 30 32 33 37 38 39 43 44 46 47 48 49 51 52 53 54 58 59 63 64 67 68 69 70 72 73 74 76 78 81 84 85 86 87 89 90 91 93 95 96 97 98 100 103 104 108 111
5 6 10 11 15 16 18 21 22 23 28 31 32 34 40 41 45 48 50 53 54 59 60 64 67 68 70 71 73 75 81 82 88 89 90 92 94 96 99 100 101 102 103 104 107 109 116
5 8 11 13 14 15 16 17 20 21 24 25 27 32 38 40 41 45 50 51 53 56 61 63 68 70 74 75 76 81 83 84 85 86 88 94 96 100 101 103 107 108 111 116
0 1 2 3 4 6 7 8 9 10 15 17 18 19 20 22 23 24 26 27 28 30 32 33 34 35 38 42 43 44 45 47 48 49 51 52 54 56 57 58 59 61 62 63 64 66 67 69 70 71 73 74 77 79 81 82 83 85 86 87 89 90 93 94 96 98 99 100 103 104 105 106 107 108 109 110 111 113 115 116 117
0 1 2 4 6 8 9 15 17 18 19 20 22 23 24 25 26 27 28 30 32 33 34 35 37 38 42 43 44 45 46 47 48 49 51 52 54 56 57 58 59 60 61 62 63 64 66 67 69 70 71 73 74 79 81 82 83 85 86 87 89 90 93 94 96 98 99 100 103 104 106 107 108 109 110 111 113 115 116 117
0 5 8 17 21 23 27 30 50 51 55 57 58 61 62 63 66 83 88 91 93 98 101 107
0 1 2 3 6 8 9 12 13 14 15 20 22 23 25 26 28 29 30 35 38 42 45 46 49 52 54 55 56 57 58 59 60 62 64 66 67 69 71 72 73 76 81 85 86 89 90 91 96 97 98 104 105 106 108 110 111 112 113 114 115 117
3 4 5 15 21 39 42 50 71 74 81 88 101 106
4 5 9 18 20 21 23 28 30 33 34 43 50 51 56 58 63 67 74 82 84 86 87 88 93 94 98 99 101 107 109 111 116 117
1 2 3 4 6 7 9 10 13 14 18 20 22 24 26 27 28 29 30 32 33 34 38 39 43 46 49 51 52 54 55 56 58 59 61 64 65 67 72 73 74 76 82 83 85 89 91 93 95 96 97 98 100 104 105 107 108 109 110 111 115 117
0 1 2 3 4 6 7 9 10 13 14 18 22 24 26 27 28 29 30 33 34 43 46 51 52 54 56 59 61 64 65 67 72 73 74 82 83 89 90 91 93 96 97 104 105 107 108 109 110 112 113 114 115
0 1 2 4 6 7 9 12 17 18 20 22 26 27 28 29 31 32 34 35 39 40 41 42 46 47 49 52 56 57 58 60 61 62 66 67 69 75 77 78 80 82 83 84 85 88 89 91 93 95 97 98 100 101 102 105 106 108 109 111 112 114 115 117
1 2 3 4 9 12 17 18 19 26 27 29 32 38 39 46 47 49 52 61 69 77 79 83 84 85 86 88 90 91 93 95 99 100 101 107 115
0 5 8 15 20 21 23 47 50 56 57 58 62 66 71 81 84 85 88 98 101 107 111 115 116
5 10 12 14 19 21 22 30 35 37 42 47 50 60 69 71 76 78 79 84 88 93 95 99 101 106 107 115
0 1 2 6 8 9 18 20 22 23 26 28 29 30 32 33 34 38 39 43 45 46 48 49 51 52 54 56 58 59 63 64 65 67 69 70 71 72 73 82 85 86 89 90 91 93 94 96 97 98 99 100 103 104 105 108 109 111 112 113 114 115 116 117
0 4 5 8 10 21 22 24 25 31 38 39 44 46 47 48 49 50 53 60 71 72 74 77 80 88 92 93 99 101 102 103 110 112 113 114 116 117
