1 2 3 9 11 16 19 20 22 27 28 29 31 33 34 38 41 44 45 52 53 56 57 61 62 63 64 76 77 78 79 81 82 84 85 89 91 93 95 96 98 99 101 102 103 106 110 115 116 118 120 122 126 127 132 133 136 141 144 146 147 148 149 150 152 153 154 156 157 158 159 163 164 166 168 170 177 178 181 182 183 184 185 186 187 192 194 195 196 200
7 8 18 19 26 27 35 41 43 61 63 66 87 88 91 106 118 127 140 141 143 149 156 157 163 168 170 184 186 197
1 4 11 20 22 24 25 28 29 31 33 38 41 45 49 53 57 62 64 65 68 76 78 80 81 82 83 84 85 89 93 95 96 98 99 101 102 103 106 110 111 115 120 121 124 125 126 132 133 134 136 144 147 150 154 156 158 160 163 164 166 168 177 178 181 183 187 192 194 195 196 200
1 2 9 11 20 22 24 28 31 38 41 45 46 53 56 62 64 76 77 78 81 82 83 84 85 89 93 95 96 98 99 102 103 106 107 110 115 120 124 126 132 134 136 144 147 149 150 152 156 157 158 159 163 164 166 177 178 179 181 182 183 192 194 195 196 200
2 3 4 7 9 16 18 20 21 22 26 29 30 32 33 38 40 41 43 45 56 57 58 61 62 63 67 78 79 80 81 82 83 84 85 86 88 89 93 94 98 99 104 106 110 111 116 120 122 123 124 126 127 128 132 134 135 140 141 147 148 149 150 152 153 154 156 163 164 166 170 171 178 183 184 187 193 195 196 197 200
2 3 8 9 11 16 21 22 35 43 45 56 58 64 68 76 84 87 88 89 95 101 106 116 122 124 125 132 134 147 150 151 152 157 158 163 172 177 181 182 196
0 1 7 8 9 10 11 14 18 19 21 24 26 27 28 33 35 36 37 40 41 42 43 47 50 51 53 55 56 59 60 61 63 66 67 68 70 73 79 81 83 87 88 91 93 95 96 97 98 99 101 102 103 106 110 113 114 115 116 118 122 125 126 127 128 129 134 137 140 141 142 144 147 148 149 151 152 155 156 157 158 163 164 166 170 171 172 173 174 176 178 179 182 183 184 186 187 190 191 192 194 197 198 200
1 2 3 4 7 9 10 11 16 19 20 27 28 29 33 37 41 44 45 47 52 53 55 56 57 58 59 61 62 63 68 70 74 75 78 82 83 84 85 89 91 92 93 95 98 99 101 102 106 110 111 113 116 118 120 122 125 126 130 133 137 141 144 147 148 149 150 152 153 154 155 157 158 164 166 168 170 176 177 178 179 182 184 187 189 192 194 196 198 200
8 18 19 35 45 61 71 81 82 83 87 91 98 106 108 118 124 134 147 151 157 158 163 166 170 172 177 179
4 7 8 9 13 17 18 19 21 27 35 41 42 43 48 52 56 61 69 74 75 78 79 81 83 87 88 90 91 92 93 99 106 110 112 116 118 120 121 126 127 130 133 134 138 148 151 152 156 163 170 172 178 179 182 189 197
0 1 2 3 4 5 6 7 9 10 11 14 16 23 26 29 31 34 37 38 41 42 44 45 46 50 51 53 56 57 58 60 62 63 68 70 71 72 73 74 75 78 82 84 85 88 89 92 94 95 97 98 102 104 105 106 107 108 113 114 116 122 127 129 130 140 141 142 144 145 146 149 150 152 153 154 157 161 162 164 166 169 174 177 179 183 184 185 188 189 190 191 196 198
1 2 3 4 9 11 16 19 21 22 27 29 33 47 55 56 57 58 59 61 62 78 80 82 83 85 88 89 91 93 95 99 101 110 116 118 120 121 122 124 126 132 133 134 148 149 150 152 153 154 155 156 157 158 168 170 176 177 178 183 186 187 195 196
1 2 3 8 9 11 16 19 20 21 22 24 26 27 29 35 38 41 43 45 56 57 61 64 68 70 76 82 83 84 85 87 88 89 91 95 101 105 106 116 118 122 125 132 134 140 148 149 150 151 152 153 156 157 158 163 164 168 170 172 177 181 182 183 192 193 196
7 8 21 30 33 35 42 43 45 57 58 67 79 82 83 84 85 87 88 95 121 124 127 133 134 135 147 156 164 168 187 196 200
8 19 22 26 29 33 35 41 57 58 59 63 81 83 87 88 91 94 95 96 98 101 103 115 118 120 124 125 132 134 140 141 147 149 151 155 156 157 158 165 166 168 172 176 182 184 187 200
5 8 20 21 23 29 35 41 45 57 58 63 71 72 82 83 84 85 87 93 95 98 99 108 110 120 124 126 134 141 151 156 158 161 163 164 166 172 178 179 184 188 196
6 8 14 18 19 20 21 22 26 27 28 33 35 40 41 43 47 50 53 54 55 56 61 62 64 66 67 73 74 75 76 78 81 83 87 88 91 92 93 94 96 98 99 101 102 103 106 110 115 116 118 126 128 130 132 134 136 140 144 145 147 148 151 154 158 160 162 166 167 169 170 171 172 175 178 181 183 187 189 197
2 3 4 8 16 20 21 22 35 38 41 43 45 54 58 59 62 64 70 76 78 82 87 88 93 99 104 110 125 126 132 150 155 157 158 176 178 181 186 193 195 196
1 2 3 9 11 16 20 21 22 26 29 30 33 34 38 41 43 45 56 57 58 59 61 62 63 67 70 78 80 82 83 84 85 88 89 96 98 101 103 106 115 116 120 122 123 126 128 132 134 135 140 141 146 148 149 150 152 153 154 155 156 157 163 164 166 168 170 171 176 177 182 183 184 185 186 187 193 196 197 200
2 3 7 9 18 19 20 27 29 30 33 38 41 45 49 52 56 59 61 62 63 65 70 79 81 83 84 85 89 91 95 98 101 106 111 116 118 120 122 127 133 134 135 141 147 148 149 150 152 153 155 156 157 158 163 164 165 166 170 176 177 182 184 187 196 200
7 8 26 35 41 87 127 140 148 151 158 172 182
8 9 19 22 25 26 27 33 35 41 44 53 56 59 64 74 75 76 81 83 87 91 92 101 102 106 116 118 130 132 136 140 147 148 149 151 152 155 158 160 163 168 172 176 181 182 187 189 193
2 3 7 9 10 12 16 26 28 30 32 33 38 41 45 47 53 55 56 57 58 63 70 79 81 82 84 85 86 89 95 96 98 102 103 106 115 116 122 123 125 127 135 140 141 144 148 150 152 153 154 156 157 163 165 166 177 179 182 184 186 187 193 196 197 198 199
1 8 9 11 18 19 26 27 35 56 61 81 87 91 93 95 96 99 103 110 115 116 118 124 126 140 151 152 163 165 168 170 172 178 182 197
1 2 3 9 10 11 16 21 22 25 29 30 33 41 43 45 49 56 57 58 61 62 63 64 70 76 78 81 82 84 85 88 89 95 96 98 101 103 104 106 109 115 116 120 121 122 124 128 132 133 134 135 141 147 148 150 152 153 154 158 163 164 166 168 170 171 177 179 181 182 183 184 186 187 193 196 198
1 2 3 5 8 11 16 18 19 22 23 27 28 29 35 38 45 53 58 59 61 63 68 70 72 82 84 87 88 89 91 93 95 96 99 101 102 103 110 115 118 120 122 124 126 132 134 137 141 144 147 149 150 151 155 156 157 158 161 168 170 172 176 177 178 182 184 188 192 194 196
0 2 3 4 6 7 9 10 16 26 28 29 31 32 33 38 41 44 45 53 54 56 57 58 61 62 63 64 76 78 81 82 84 85 86 89 93 94 95 98 99 101 102 106 110 111 116 122 123 126 127 128 140 141 144 145 148 149 150 152 153 154 157 158 162 166 168 169 170 171 177 178 179 181 182 183 184 187 193 196 198 199 200
1 2 3 7 9 10 11 16 20 22 25 26 28 29 31 33 38 43 47 53 55 56 57 58 59 61 62 63 64 68 70 76 79 81 82 84 85 89 98 101 102 106 116 120 122 124 127 128 132 140 141 144 147 148 149 150 152 153 154 155 157 160 163 164 165 166 168 170 171 176 179 181 183 184 187 197 198 200
1 5 6 7 11 13 17 18 19 20 21 23 27 29 30 37 38 40 42 43 48 53 63 66 67 70 72 74 75 78 79 80 81 82 83 84 88 90 91 93 94 99 102 106 110 112 113 118 120 121 122 125 126 127 130 131 133 134 135 141 144 145 147 148 149 153 154 158 161 163 164 167 169 175 177 178 183 184 188 197
2 3 4 16 20 22 26 33 57 62 78 79 80 82 84 85 89 98 122 125 127 132 140 148 150 153 154 163 164 166 183 187
8 9 14 19 20 21 26 27 28 30 35 36 41 42 43 50 51 53 56 60 63 66 69 71 73 76 81 82 87 91 97 98 101 102 106 108 114 116 118 127 128 129 131 138 140 141 144 146 151 152 154 156 158 160 166 171 172 174 179 181 183 184 185 191 197
1 2 3 4 7 9 11 16 19 20 21 22 27 29 30 33 34 36 37 41 43 45 47 49 51 52 53 55 56 57 58 59 60 61 62 63 65 67 68 69 70 77 78 82 84 88 89 91 93 94 95 97 98 99 102 104 110 111 113 116 118 120 121 122 124 125 126 131 132 133 135 136 138 141 142 144 147 148 149 150 152 153 154 155 156 157 158 159 164 166 168 170 176 177 178 179 180 182 183 184 185 186 187 190 192 194 196 200
2 3 4 5 7 9 10 11 18 19 20 22 23 24 27 28 29 30 33 34 41 43 45 47 53 55 56 59 61 62 63 65 66 67 68 69 70 72 74 75 78 79 81 82 84 85 89 91 92 93 94 95 96 98 99 101 102 103 106 110 111 115 116 118 120 122 125 126 127 130 132 135 136 137 138 141 144 146 147 148 149 150 152 153 155 156 157 158 161 162 163 164 166 168 170 173 176 177 178 179 183 184 185 186 187 188 189 192 194 198 200
8 9 22 29 34 35 38 42 43 56 57 58 63 70 81 82 83 84 87 95 116 124 127 132 141 147 148 151 152 154 156 157 172 184 185 186 196 197
7 8 21 31 35 79 83 87 88 106 127 134 151 172 193
4 5 6 7 8 9 14 18 19 20 21 22 23 26 27 33 35 42 43 45 50 51 53 56 59 60 62 66 67 71 72 73 74 75 77 79 82 83 84 87 88 91 92 94 97 98 102 105 108 111 114 116 118 120 125 127 128 129 130 131 132 134 140 144 145 147 148 150 152 154 155 156 159 161 163 164 166 167 168 169 171 174 175 176 177 179 186 187 188 189 191 193 196 197
2 3 5 7 9 11 16 19 22 23 26 27 29 31 33 41 42 56 57 58 61 62 63 64 68 72 76 81 82 83 84 89 91 93 96 98 99 101 103 110 111 115 116 118 120 122 123 124 125 126 127 132 134 140 141 147 149 152 153 157 158 160 161 163 166 168 170 177 178 181 182 183 184 187 188 195 196 200
7 8 9 18 19 20 21 26 27 29 30 35 40 41 42 43 56 61 62 63 65 67 70 79 81 83 87 88 91 106 111 116 118 120 127 134 135 140 141 147 152 156 163 164 170 182 184 186 197 200
4 8 9 10 14 16 19 21 22 26 27 29 33 35 37 41 43 44 50 51 58 60 62 63 64 68 70 73 74 75 76 78 81 83 87 88 91 95 97 98 101 111 113 114 118 122 123 124 125 129 130 132 134 140 141 142 147 148 149 150 151 153 157 158 160 166 167 172 174 175 179 181 183 184 187 190 191 198
1 2 3 4 5 7 9 11 16 18 19 20 21 22 23 27 29 33 37 41 43 45 49 53 56 57 58 61 62 63 66 68 70 71 72 78 79 82 84 85 89 91 93 98 99 102 108 110 111 113 118 120 122 124 125 126 127 131 132 141 142 144 148 149 150 152 153 154 157 158 161 164 166 168 170 177 178 179 183 184 186 187 188 190 193 196 200
4 7 8 20 21 22 35 42 43 70 74 75 76 79 81 87 88 92 93 99 101 106 110 126 127 130 132 139 147 154 156 158 160 163 178 181 182 183 189 192 194
2 3 5 7 9 16 20 21 22 23 30 34 38 41 43 45 53 57 58 62 63 67 72 78 83 84 85 88 89 95 96 102 103 111 115 119 120 126 127 131 132 134 135 141 144 147 149 150 152 154 156 161 163 164 177 184 185 188 196 197 200
4 7 9 10 14 18 20 21 24 29 30 33 36 37 38 43 49 50 51 54 56 57 59 61 62 63 66 67 69 71 73 74 75 76 78 79 81 82 84 85 88 92 93 97 98 99 106 108 110 111 113 116 126 127 128 130 133 135 137 138 141 148 149 150 152 153 154 155 156 164 166 170 171 176 178 179 181 183 184 187 189 190 192 194 197 198
1 2 3 4 6 7 9 10 11 14 19 21 24 26 27 29 38 41 47 50 51 54 55 56 58 59 60 61 63 64 68 70 73 74 75 76 81 84 85 88 89 91 92 94 97 101 114 116 118 122 124 125 127 128 129 130 137 140 141 145 149 150 151 152 153 155 157 158 160 168 169 170 171 172 173 174 176 177 179 181 183 184 189 191 192 193 194 198
2 3 4 7 9 14 16 19 20 22 27 29 33 37 41 43 45 47 50 52 54 55 56 57 59 61 62 63 64 70 71 73 74 75 76 78 79 80 82 84 85 89 91 92 93 94 96 98 99 101 103 108 110 113 114 115 116 118 120 122 123 124 126 127 129 130 132 133 137 139 141 142 147 149 150 152 153 154 155 157 158 160 164 166 167 168 170 174 175 176 177 178 179 181 182 183 184 187 189 190 191 192 193 194 196 200
1 2 3 4 11 16 19 21 22 28 29 38 41 43 45 53 57 58 61 62 63 64 74 75 76 78 82 84 85 88 89 91 93 95 99 101 102 110 111 120 121 122 124 125 126 130 132 133 134 136 141 144 147 149 150 153 154 156 157 158 160 164 167 168 170 175 177 178 181 182 183 184 186 195 196
1 2 3 11 14 16 18 20 22 28 38 41 45 52 53 57 58 61 62 64 73 76 78 82 83 84 85 89 93 99 101 102 104 110 111 121 122 124 126 132 133 134 144 147 149 153 156 157 160 164 168 170 177 178 181 182 183 195 196
0 1 2 3 9 11 26 30 33 59 61 64 67 68 70 74 75 76 81 83 84 89 92 96 98 101 103 105 106 115 122 130 135 140 148 149 150 151 152 153 156 163 166 168 170 172 173 176 177 181 182 187 189 197
1 2 3 6 9 11 26 30 33 41 56 61 64 67 68 74 75 76 81 84 89 92 96 98 101 103 105 106 115 116 122 130 135 140 145 148 149 150 151 152 153 156 163 166 168 169 170 172 177 181 182 187 189 193 197
1 2 3 5 11 13 16 17 20 21 22 23 26 32 33 37 38 41 43 45 48 53 57 58 61 62 64 72 76 77 78 82 84 85 88 89 90 95 98 101 102 106 111 112 113 120 122 126 131 132 136 140 142 144 147 148 149 150 153 154 157 158 159 160 161 163 164 166 168 170 177 181 183 187 188 190 192 194 196 197 199
1 2 3 7 9 11 15 16 18 20 21 22 24 27 29 30 31 39 45 47 51 55 56 57 59 60 66 67 68 77 78 79 82 84 85 89 93 94 95 97 99 100 110 114 116 117 120 122 125 126 127 129 132 135 147 148 150 152 153 154 155 156 158 159 163 164 174 176 177 178 191 192 194 197
2 3 8 16 18 19 22 25 27 29 33 35 38 41 54 58 61 63 64 76 80 81 83 85 87 93 95 96 98 99 101 103 106 110 115 118 122 126 132 141 148 149 150 151 160 163 166 168 170 172 177 178 181 182 184 187 196
2 3 7 16 19 21 22 27 28 33 45 53 57 58 59 61 62 69 78 82 84 89 91 93 98 99 101 102 106 110 111 118 122 126 127 132 137 138 144 147 148 149 150 153 154 157 158 164 166 170 176 177 178 179 183 187
1 2 3 9 11 16 18 20 22 26 28 33 38 41 45 53 56 57 61 62 67 68 70 78 80 81 82 84 85 89 93 95 96 98 99 102 103 104 105 110 115 116 120 122 124 125 126 132 136 140 144 147 148 149 152 154 156 157 163 164 166 170 178 182 183 186 187 192 194 195 196 200
2 3 16 20 21 22 29 30 34 41 43 45 53 57 58 61 63 81 82 83 84 85 88 89 91 93 95 96 98 99 102 103 106 110 115 120 122 124 126 131 132 134 135 141 144 146 149 150 157 158 163 164 166 168 170 177 178 182 183 184 185 186 192 194 196
8 22 27 35 49 58 59 61 70 71 76 87 101 105 106 108 120 124 132 137 139 150 151 154 155 157 160 170 172 173 176 179 181 183 192 194 196
1 2 3 7 9 11 16 20 21 26 28 29 33 38 42 43 45 49 51 53 54 57 58 59 60 63 65 68 70 78 79 80 81 82 83 84 85 88 89 93 95 96 97 98 99 102 103 104 106 110 115 116 119 120 121 123 124 125 126 127 131 132 133 134 137 141 144 147 148 149 152 154 156 158 163 164 166 168 176 177 178 182 183 184 186 187 192 194 196 200
1 2 3 9 11 16 20 22 27 29 30 33 34 41 43 44 45 52 56 57 58 59 61 62 64 67 70 76 78 82 84 85 89 93 95 96 98 99 101 103 110 115 116 120 122 124 125 126 128 132 133 135 148 149 150 152 153 155 156 157 160 164 166 168 170 171 176 177 178 180 181 182 183 185 186 187 193 196
1 2 3 9 11 16 18 19 20 22 27 33 38 45 54 56 57 58 61 68 70 84 88 89 91 93 95 96 98 99 103 110 115 116 118 120 124 125 126 132 147 148 150 152 154 156 158 166 170 178 182 187 195 196
1 4 7 8 9 11 18 19 20 21 24 26 27 33 35 38 40 42 43 56 59 61 62 63 66 67 68 70 78 79 81 83 85 87 88 95 96 98 101 103 111 115 116 118 122 124 125 127 128 134 137 140 141 143 146 148 149 152 153 154 155 156 166 170 171 176 177 183 184 185 187 192 194 197 200
0 2 3 4 5 6 7 9 10 13 14 16 17 18 19 20 21 22 23 24 28 29 33 34 38 39 43 45 46 47 48 50 53 54 55 56 57 58 59 61 62 63 66 67 70 72 73 78 80 81 82 84 85 88 89 90 91 93 94 96 98 99 100 102 103 106 107 110 111 112 114 115 116 118 120 122 124 126 127 128 129 131 132 136 137 141 144 145 147 148 149 150 152 153 154 156 157 161 163 164 166 168 169 170 171 174 176 177 178 179 180 183 184 185 186 187 188 191 192 193 194 196 197 198 200
8 19 27 35 41 87 91 95 118 124 151 158 172 182
5 6 8 9 19 20 21 22 23 24 26 27 28 30 35 36 37 41 43 51 53 56 64 67 68 70 72 76 82 83 84 87 88 91 93 94 95 97 99 101 102 106 110 113 116 118 120 121 126 128 131 132 133 134 135 140 144 145 149 150 151 152 153 157 158 161 162 164 168 169 171 172 178 181 182 183 188 190 192 193 194 196
1 8 11 16 19 21 22 26 27 29 33 35 57 58 62 78 80 82 83 84 87 88 91 93 99 106 110 118 126 132 134 140 147 150 151 153 158 172 178 182 187 196
0 1 2 3 4 6 9 10 11 16 18 19 20 21 22 24 27 29 32 38 40 43 45 49 53 56 57 58 62 63 66 67 68 70 78 81 82 83 84 85 86 88 89 91 93 95 96 99 102 103 105 106 110 111 115 116 118 120 121 122 124 125 126 132 133 134 136 141 145 147 148 150 152 153 154 156 157 158 163 164 169 177 178 179 183 184 192 193 194 196 197 198
1 2 3 10 11 14 19 22 26 27 28 31 33 36 41 49 50 51 53 59 62 67 68 70 73 78 82 83 85 89 91 93 94 95 96 97 98 99 101 102 103 110 111 115 118 121 122 123 124 126 131 132 133 137 140 144 147 148 149 151 153 154 155 157 158 166 168 172 173 176 178 179 183 187 193 195 198
8 32 35 62 70 74 75 83 87 92 93 99 110 111 126 130 134 151 158 172 178 189
1 8 9 11 26 28 35 47 53 55 56 59 70 83 87 94 102 116 125 134 137 140 144 151 152 155 158 172 176 193
4 8 18 19 21 22 27 35 40 45 58 59 61 82 84 87 88 91 93 99 101 106 110 118 126 132 143 147 149 151 154 155 156 158 164 170 172 176 178 182 196 197
4 8 35 57 87 147 150 151 172 183
1 2 3 5 7 11 16 18 19 20 21 23 26 27 29 30 31 40 41 42 43 45 52 58 59 63 66 67 68 70 72 79 81 82 83 88 89 95 96 103 106 111 115 118 120 122 127 133 134 135 137 140 141 147 150 153 154 156 157 161 163 164 176 177 182 184 186 188 196 197
1 2 3 9 11 18 19 20 21 22 27 29 30 38 40 45 56 58 59 61 63 66 67 83 84 88 89 91 93 95 96 98 99 101 103 110 115 116 118 120 122 125 126 132 134 135 137 141 149 151 152 153 155 156 157 158 163 164 166 168 170 172 176 177 178 182 184 192 194 197
8 9 20 21 22 28 29 31 35 38 40 41 53 56 59 61 63 66 70 81 87 101 102 104 106 116 120 124 132 141 144 149 151 152 155 156 163 168 170 172 173 176 177 182 184 197
2 3 4 9 16 18 19 20 21 22 26 27 29 34 40 41 43 45 63 66 67 70 74 75 81 82 83 84 85 88 89 91 92 106 111 118 119 120 121 122 130 132 133 134 140 141 147 149 150 152 153 154 156 158 164 184 185 189 197 200
8 18 19 22 25 27 29 33 35 40 41 64 76 80 81 83 87 91 101 118 124 132 134 148 151 160 168 172 181 182 187 197
1 2 3 7 9 11 15 16 20 21 26 28 29 33 39 42 43 45 53 56 57 62 63 64 76 78 79 81 82 83 84 85 89 93 95 98 99 100 101 102 110 111 116 117 122 124 126 127 134 139 140 141 144 148 150 152 153 154 164 166 177 178 181 182 183 184 186 187 195 196 200
1 5 8 11 19 20 21 22 23 27 28 35 38 43 44 45 49 52 53 59 62 68 70 72 78 87 88 91 102 105 118 120 124 125 132 133 134 144 147 151 155 156 157 161 164 168 172 176 182 188 192 193 194 197
8 22 26 30 35 38 41 59 61 63 82 87 95 101 106 132 135 140 141 146 149 151 155 157 163 168 170 172 176 182 184 185 196
7 8 18 19 20 21 27 31 35 38 42 43 56 59 62 66 67 77 78 79 82 83 87 88 96 101 103 104 105 109 111 115 116 118 120 124 127 128 134 137 147 148 154 155 156 159 164 171 176 186 195 200
1 2 3 4 5 7 11 14 16 18 20 21 23 24 26 28 31 33 38 40 43 45 49 50 51 52 53 57 58 59 60 61 62 63 66 67 68 70 71 72 73 74 75 76 78 79 82 83 84 85 88 89 92 94 95 96 97 98 102 103 105 106 108 109 115 121 122 125 127 130 131 133 134 136 137 140 141 143 144 147 148 149 150 153 154 156 157 160 161 162 163 164 165 166 168 170 176 177 179 181 182 183 184 186 187 188 189 192 193 194 195 196 197 200
1 7 8 9 11 16 18 19 21 22 27 28 29 33 35 38 40 41 42 43 45 53 56 58 61 63 83 85 87 88 91 93 95 96 98 99 102 103 110 115 116 118 122 125 126 127 131 132 134 141 144 148 150 152 154 156 157 158 163 164 166 170 177 178 182 184 186 187 196
1 2 3 4 5 11 19 21 22 23 24 27 29 41 43 44 45 51 53 60 61 72 77 78 82 83 84 85 88 89 91 95 96 97 102 103 105 106 115 118 120 121 122 131 132 133 134 140 144 147 150 151 153 156 157 158 159 161 163 164 168 170 172 177 183 188 192 193 196
1 2 3 7 9 10 11 16 20 21 22 33 37 38 41 43 45 52 53 56 57 58 59 62 71 76 77 78 81 82 84 85 88 89 91 94 95 98 101 102 106 108 113 116 120 127 131 132 133 137 139 142 144 147 148 150 152 154 156 157 158 159 163 166 176 177 179 181 183 186 187 190 196 197 198
1 2 3 11 16 21 22 29 41 43 45 57 58 62 78 82 84 85 88 89 95 104 106 120 121 132 133 134 147 154 156 163 164 182 186 196
1 2 3 11 18 19 27 29 33 38 59 61 63 64 68 70 76 81 89 91 98 101 118 122 124 125 137 141 148 150 151 153 155 157 166 168 170 172 173 176 177 181 184 186 187 197
1 7 8 11 16 18 24 35 38 45 61 66 87 95 122 124 127 151 153 168 170 172 177 192 194
1 2 3 4 6 7 10 11 16 18 20 22 24 26 28 29 32 36 37 38 41 45 49 51 52 53 54 57 58 59 60 61 62 63 64 68 70 74 75 76 77 78 80 81 82 83 84 85 86 89 92 94 95 97 101 102 104 106 111 113 120 121 122 128 130 131 132 133 136 140 141 142 144 145 147 149 150 153 157 159 160 162 163 168 169 170 171 176 177 179 181 182 183 184 186 189 190 192 193 194 198 199
2 3 16 19 20 21 22 24 27 28 33 43 45 49 52 53 57 58 61 62 64 70 76 78 81 82 83 85 88 89 91 93 95 99 102 106 110 118 120 126 131 132 133 134 136 144 147 148 150 154 158 163 164 170 178 180 181 183 187 192 194 196 200
2 3 4 6 16 18 19 20 21 22 24 27 41 43 45 57 58 59 61 62 66 67 70 78 81 82 83 85 88 89 91 93 95 99 106 110 118 120 125 126 132 134 145 147 148 150 154 155 158 163 164 169 170 176 178 183 192 194 196
1 2 3 5 7 11 14 16 18 19 20 21 22 23 27 30 33 37 40 42 43 45 50 57 58 59 62 67 72 73 74 75 78 79 81 82 83 84 89 91 94 95 98 106 109 113 118 120 122 124 125 127 130 132 134 135 146 148 150 153 154 155 156 161 163 164 166 167 175 176 177 180 183 185 187 188 193 196 197
8 31 35 41 83 87 88 93 95 99 110 124 126 151 158 172 178 182
4 5 7 8 9 10 14 18 19 20 21 22 23 24 26 27 28 31 33 35 37 41 43 49 50 53 56 62 65 66 70 72 73 74 75 76 78 79 81 82 83 84 87 88 91 92 94 96 98 102 103 106 109 111 113 114 115 118 119 120 121 122 125 127 128 129 130 132 133 134 139 140 142 144 147 148 150 152 153 154 156 158 161 162 163 164 165 166 168 171 174 179 181 183 187 188 189 190 191 192 193 194 195 196 198 200
1 4 7 8 11 25 26 28 35 41 53 56 57 58 61 64 68 76 87 95 101 102 106 116 127 128 140 144 149 151 153 154 160 163 165 168 170 171 172 181 182 183
1 4 8 11 19 26 27 28 35 38 53 62 68 78 83 87 91 102 104 111 118 122 124 125 134 136 140 144 151 152 153 154 157 172 183 197
0 2 3 4 6 7 9 10 11 14 18 27 28 29 30 32 33 36 37 38 46 50 51 53 54 56 58 60 61 62 63 68 69 70 71 73 74 75 81 82 85 89 92 97 98 102 107 108 111 113 114 116 118 122 124 127 128 129 130 138 141 142 144 145 152 153 164 166 167 168 169 170 171 174 175 177 179 184 187 189 190 191 198 199
2 3 4 7 9 12 16 20 21 22 26 33 34 38 41 42 43 49 57 58 61 79 82 84 85 88 89 98 120 122 125 127 132 134 140 147 148 149 150 152 153 154 156 157 163 164 166 168 170 177 182 183 185 187 193 195 196 197 200
8 18 27 30 35 38 45 58 64 76 83 87 96 101 103 106 115 134 135 151 168 172 181 182 197
1 5 7 8 9 11 18 20 21 23 24 25 26 28 34 35 38 42 43 45 49 53 56 57 59 62 63 66 68 70 72 76 78 79 81 83 85 87 88 95 101 102 104 105 111 116 120 124 125 127 128 134 136 137 140 141 143 144 146 149 152 155 156 161 163 164 168 171 176 177 180 181 184 185 186 188 192 193 194 196 197 200
1 2 3 8 11 19 20 21 22 27 34 35 41 43 45 52 61 62 67 68 78 83 84 85 87 88 89 91 93 95 99 106 110 118 120 122 125 126 132 133 134 146 147 149 150 151 153 157 158 163 164 168 170 172 177 178 182 185 186 192 194 196
0 4 7 8 11 20 26 32 33 35 38 41 43 53 54 58 61 64 68 74 75 76 83 84 87 92 96 98 101 102 103 111 114 115 120 122 124 125 127 129 130 131 134 140 144 148 149 151 153 157 160 166 168 170 172 174 177 181 182 183 186 187 189 191 193 197 199
2 3 9 16 22 24 25 26 29 31 33 38 41 45 56 57 58 61 62 63 64 76 78 81 82 84 85 89 95 96 98 101 103 104 106 115 116 122 123 125 132 140 141 147 148 149 152 153 154 157 160 163 166 170 177 181 182 183 184 187 192 193
2 3 4 5 6 7 9 10 15 16 18 19 20 21 22 23 27 28 29 30 32 34 38 39 40 43 45 47 49 53 55 56 57 59 62 63 67 70 72 78 79 81 82 83 84 85 88 89 91 93 95 99 100 101 102 110 111 116 117 118 122 124 126 127 132 134 135 136 137 141 143 144 145 146 147 149 150 152 153 154 155 156 158 161 163 164 169 176 177 178 179 183 184 185 186 188 196 197 198 199
2 3 4 5 6 7 9 10 15 16 18 19 20 21 22 23 25 27 28 30 34 37 38 39 40 43 47 49 52 53 55 56 57 59 62 63 64 65 67 68 69 70 72 74 75 76 78 79 81 82 83 84 85 88 89 91 92 93 95 96 99 100 101 102 103 104 109 110 111 113 114 115 116 117 118 120 121 122 124 125 126 127 129 130 132 133 134 135 136 137 138 141 142 143 144 145 146 147 149 150 152 153 154 155 156 158 160 161 162 164 169 174 176 177 178 179 181 183 184 185 186 188 189 190 191 196 197 198
5 8 20 21 23 26 27 29 30 35 42 43 63 67 72 79 83 85 87 88 106 120 127 134 135 140 141 156 157 161 164 182 184 186 188 196 197
1 8 10 11 19 26 27 32 35 56 59 64 68 70 76 81 83 87 91 101 116 118 122 124 125 128 134 137 140 148 151 153 155 171 172 176 177 179 181 182 197 198
4 5 6 9 16 18 19 20 21 22 23 26 27 28 29 33 38 43 53 54 56 58 61 62 63 67 72 81 82 83 85 91 93 95 98 99 102 110 111 116 118 124 126 132 134 140 141 144 145 147 148 149 150 152 153 154 156 158 161 163 164 166 169 170 178 183 184 187 188 197
8 18 19 27 28 29 35 38 41 45 53 59 63 70 83 87 91 96 98 101 102 103 106 115 118 120 134 137 141 144 148 151 155 157 163 165 166 172 173 176 182 184 197
8 26 29 30 35 38 54 61 64 67 70 76 87 101 124 135 140 151 163 170 172 181 183 197
8 18 21 29 31 35 38 45 47 55 56 64 65 71 76 87 88 101 108 116 120 124 128 151 171 172 177 179 181 182 196 197
2 3 4 7 16 20 21 22 33 41 43 57 58 62 74 75 78 79 83 88 89 92 93 98 99 106 110 120 122 125 126 127 130 132 134 148 150 153 154 156 157 164 166 168 178 182 183 187 189 196 200
8 9 11 21 29 35 41 42 43 44 56 63 68 74 75 87 88 92 106 116 127 130 141 147 151 152 157 163 172 179 184 189 193 197
1 4 7 8 14 20 21 26 33 35 36 38 41 43 44 51 53 54 58 61 64 68 70 71 73 76 81 83 87 96 97 98 101 102 103 108 114 115 120 124 129 131 134 140 144 148 151 166 170 172 174 179 181 182 183 186 187 191 193
2 3 4 5 7 8 9 18 19 20 23 24 27 29 30 35 38 41 43 45 53 56 59 61 62 63 66 67 70 72 78 79 81 82 84 85 87 89 91 95 101 102 106 116 118 120 122 125 126 127 135 137 141 144 147 148 149 150 152 153 155 156 157 158 161 162 163 164 168 170 173 176 177 182 183 184 188 192 193 194 200
2 3 7 16 37 38 45 57 62 69 74 75 78 85 89 113 124 127 128 130 138 142 167 171 175 179 183 190
2 3 4 16 18 19 20 21 22 26 27 30 33 40 43 45 49 57 58 62 64 66 67 76 78 82 83 84 85 88 89 91 93 98 99 101 110 118 120 122 125 126 132 134 135 140 147 148 149 150 153 154 157 163 164 166 168 177 178 181 182 183 187 193 196 197 200
7 8 9 21 22 26 29 31 32 35 38 41 43 49 56 63 64 76 81 86 87 88 93 94 95 96 98 99 103 106 110 115 116 125 126 127 132 134 140 141 147 149 151 152 154 156 163 165 166 172 178 181 182 183 184 197
7 8 14 21 22 35 41 42 43 45 50 57 61 73 79 81 82 83 87 88 95 106 124 127 132 134 147 158 163 168 170 193
2 3 18 19 20 21 24 27 29 31 40 41 43 58 59 61 70 81 83 88 89 91 95 96 101 103 115 118 122 124 134 137 149 151 153 155 157 158 170 172 176 177 182 192 194 197
1 4 5 7 8 12 18 19 20 22 23 27 28 33 35 37 40 43 53 57 62 65 66 69 72 74 75 76 78 79 81 83 87 91 92 94 96 98 102 103 104 111 113 114 115 118 120 124 125 127 128 129 130 132 134 136 138 139 140 142 144 147 148 149 154 156 158 161 166 171 174 179 181 186 187 188 189 190 191 193 195 196 197 200
0 1 2 3 4 9 11 16 19 20 21 24 26 27 38 41 43 44 45 52 54 56 61 63 68 70 74 75 78 81 82 83 84 85 88 89 91 92 93 95 96 98 99 103 110 115 116 118 121 122 124 125 126 130 133 134 140 141 149 150 152 153 157 158 163 164 166 168 170 177 178 180 182 183 184 186 189 192 193 194
4 7 16 19 20 21 22 27 37 41 43 45 53 58 74 75 78 80 81 82 83 88 91 92 93 94 95 99 102 106 110 113 118 126 130 132 134 142 144 147 154 156 158 162 164 167 175 178 183 186 189 190 196
8 26 33 35 41 54 59 70 83 87 101 106 134 140 151 155 158 163 165 172 176 187
8 9 18 19 26 27 29 33 35 41 56 58 59 61 74 75 87 91 92 98 101 116 118 122 124 130 140 148 150 151 152 153 155 166 168 170 172 176 177 182 187 189 197
1 2 3 6 7 9 11 14 19 20 21 22 26 27 28 32 33 37 40 43 44 47 49 50 51 53 55 56 58 59 60 62 63 66 67 68 70 71 73 76 78 79 80 81 88 89 91 94 96 97 98 101 102 103 108 111 113 115 116 118 120 124 125 127 132 134 136 139 140 141 142 144 145 148 154 155 158 160 163 165 166 169 176 179 181 184 187 190 192 193 194 195 200
8 21 26 30 35 43 45 62 78 83 87 88 93 95 99 110 126 134 135 140 147 151 157 158 172 178
1 2 3 7 9 11 14 16 22 29 31 32 33 38 41 45 47 49 50 51 55 56 57 58 59 60 61 62 63 64 70 73 74 75 76 78 79 80 89 92 93 94 95 97 98 99 101 104 106 110 116 122 124 126 127 130 132 137 141 148 149 150 152 155 157 158 160 163 166 168 170 176 177 178 181 182 184 186 187 189 196 197 199
1 2 3 4 6 7 9 10 11 14 16 18 19 24 26 27 32 33 37 38 40 41 44 45 47 50 55 56 58 59 63 64 66 67 68 70 73 76 80 81 85 89 91 94 101 111 113 114 116 118 122 123 124 125 127 128 129 137 140 141 142 145 148 149 150 152 153 155 157 160 163 169 171 174 176 177 179 181 183 184 187 190 191 192 194 197 198 199 200
7 8 11 16 18 19 26 27 29 35 43 54 57 59 61 63 67 68 70 83 85 87 91 101 118 127 134 140 141 150 151 154 155 156 158 164 170 172 176 184
7 8 9 11 18 26 29 35 38 41 54 61 63 68 83 85 87 95 96 103 115 124 127 134 140 141 149 150 151 152 168 170 172 177 182 183 184 186
1 2 3 7 9 10 11 16 20 21 24 29 33 38 41 42 43 45 56 57 58 61 63 68 70 76 79 81 82 84 85 88 89 95 98 101 104 105 116 120 122 124 125 127 128 134 141 147 148 149 150 152 153 156 157 158 160 164 166 168 170 171 177 179 181 182 184 186 187 192 194 196 198 200
0 4 7 8 9 10 19 24 26 27 33 35 36 38 41 44 51 54 56 59 63 64 66 69 70 71 74 75 76 78 79 81 83 87 91 94 97 98 106 108 116 118 120 122 128 130 134 138 140 141 148 151 152 155 157 158 160 163 166 167 171 172 175 176 179 181 184 186 187 192 193 194 198
2 3 4 6 8 9 10 19 26 27 35 38 41 64 69 70 74 75 76 81 83 85 87 89 91 92 95 101 106 118 120 122 130 134 138 140 145 151 152 153 157 158 163 169 172 179 181 183 189 193 198
1 4 7 8 10 11 19 26 27 28 29 31 33 35 41 53 61 63 68 81 85 87 91 93 95 96 98 99 102 103 104 110 115 118 122 124 125 126 127 140 141 144 148 149 150 151 153 157 158 165 166 168 170 172 177 178 179 182 183 184 187 192 194 198
2 3 4 7 16 18 20 21 22 24 26 28 29 33 34 38 44 45 47 52 53 54 55 57 58 59 62 63 64 66 67 74 75 76 77 78 80 82 83 84 85 89 92 93 95 98 99 102 104 110 111 121 124 126 127 130 131 132 133 134 136 137 140 141 144 146 147 148 149 150 154 159 164 166 176 177 178 181 182 183 184 185 186 187 189 192 193 194 195 196 197 200
2 3 4 5 6 7 9 10 14 16 18 19 20 21 22 23 24 28 29 33 34 36 38 41 43 44 45 49 50 51 52 53 56 57 58 62 63 64 66 72 73 74 75 76 77 78 80 82 83 84 85 89 91 92 93 96 97 98 99 102 103 104 110 115 116 118 121 123 124 125 126 127 128 130 131 132 133 134 136 141 144 145 146 147 148 149 150 152 154 159 161 164 166 167 169 171 175 178 179 181 182 183 184 185 186 187 188 189 192 193 194 196 197 198 200
1 8 11 18 19 22 26 27 35 38 40 51 54 59 60 83 87 88 91 97 101 106 118 132 134 140 151 155 156 168 172 176 182 192 193 194 197
4 7 8 9 11 16 18 19 20 21 22 26 27 33 35 37 42 43 47 55 56 57 58 59 61 63 66 68 70 79 80 82 83 87 88 91 94 98 101 113 116 118 124 125 127 132 134 140 141 143 147 148 149 150 152 154 155 157 164 166 168 170 176 177 182 184 187 197 200
8 18 19 22 27 31 35 43 49 52 59 64 69 70 76 81 82 87 91 93 96 98 99 101 103 110 115 118 120 121 122 124 126 132 133 134 138 147 149 151 154 157 158 160 166 172 176 178 179 181 183 192 194
8 22 29 33 35 38 45 58 61 63 87 95 104 106 132 141 151 156 158 163 170 172 184 187 200
1 2 3 4 5 6 7 9 10 11 12 16 18 19 20 21 23 27 28 29 30 33 36 38 40 41 43 44 45 49 51 53 56 58 59 61 62 63 66 67 68 69 70 72 74 75 76 78 79 80 82 83 84 85 89 91 92 94 96 97 98 101 102 103 106 111 115 116 118 120 122 123 127 128 130 135 136 137 138 139 141 144 145 147 148 149 150 152 153 154 155 156 157 160 161 164 165 166 167 168 169 170 171 175 176 177 179 180 181 182 183 184 187 188 189 196 197 198 200
2 3 4 7 9 10 12 13 14 16 17 26 28 32 33 38 41 42 45 46 48 50 52 53 56 57 58 61 62 63 64 73 74 75 76 78 79 82 84 85 86 89 90 92 93 94 95 96 98 99 102 103 106 107 110 111 112 114 115 116 122 124 126 127 129 130 133 140 141 144 148 149 150 152 153 154 156 157 158 163 164 166 168 170 174 177 178 179 181 182 183 184 187 189 191 196 199
2 3 6 7 9 11 16 26 29 31 32 41 42 51 56 60 63 68 70 79 81 89 96 97 103 115 116 124 127 140 141 145 150 151 152 153 158 169 172 184 193 199
2 3 7 10 16 29 31 41 42 43 49 68 70 81 83 89 124 127 150 153 158 179 198
1 8 9 11 19 21 25 26 27 32 33 35 38 41 52 53 56 58 61 62 63 64 76 81 83 85 86 87 88 91 95 96 98 101 102 103 109 111 115 116 118 120 124 128 133 134 136 140 141 147 148 149 151 152 158 160 166 170 171 172 181 182 183 184 187 196
1 6 8 9 10 11 18 19 21 22 26 27 28 33 35 43 53 56 58 59 62 66 82 87 88 94 98 101 102 106 111 116 118 120 125 132 136 137 140 144 145 148 149 151 152 156 164 166 169 172 176 179 183 187 198 200
8 18 19 26 27 29 35 38 40 41 43 58 59 63 64 70 76 81 85 87 88 91 101 118 140 141 147 151 155 156 172 176 181 183 184 193 197
0 8 9 13 17 18 19 20 21 27 29 30 33 35 48 54 56 61 62 63 67 77 78 81 83 85 87 88 90 91 95 106 112 118 120 122 134 135 141 148 150 151 152 153 154 157 159 168 170 172 177 182 184 187 196 197
1 8 11 19 27 33 35 41 58 59 61 62 64 74 75 76 78 81 87 91 92 101 118 122 124 130 137 149 150 151 153 154 155 157 158 160 168 170 172 176 177 181 182 187 189 200
0 2 3 7 9 10 13 14 15 16 17 18 20 21 22 24 26 28 29 30 34 37 38 39 43 46 48 49 50 51 52 53 56 57 58 59 60 62 63 67 69 70 73 76 78 79 81 82 83 84 85 88 89 90 93 94 95 96 97 98 99 100 101 102 103 105 107 110 111 112 113 115 116 117 120 121 122 126 127 128 131 132 133 135 138 139 140 141 143 144 146 147 148 150 152 153 154 155 156 163 164 165 166 171 173 176 177 178 179 180 181 183 184 185 186 192 193 195 196 197 198 200
1 2 3 9 10 11 16 29 31 41 47 51 52 55 56 57 58 59 60 61 62 63 70 78 81 84 89 93 95 97 99 106 110 116 120 122 125 126 133 141 149 150 152 153 154 155 157 158 163 168 170 176 177 178 179 180 182 184 186 196 198
1 2 3 4 9 11 12 16 19 22 26 27 28 29 30 32 33 38 41 42 43 44 45 47 53 55 56 61 62 63 68 76 78 79 81 82 84 89 91 93 94 95 99 101 102 106 109 110 111 116 118 120 122 126 127 132 135 140 141 144 147 149 150 151 152 153 154 156 157 158 160 168 170 172 178 181 183 184 187 192 194 199
1 8 11 19 21 26 27 28 29 31 33 35 38 41 43 46 53 59 61 63 64 74 75 76 78 83 84 85 87 88 91 92 93 95 98 99 101 102 106 107 110 118 122 125 126 130 134 140 141 144 148 149 151 153 155 157 158 162 164 166 168 170 172 176 177 178 179 181 182 183 184 187 189 200
1 7 8 11 18 19 21 26 27 31 35 40 43 46 59 64 76 79 81 87 88 91 101 107 118 124 127 134 137 140 155 165 173 176 179 181 197
1 2 3 7 9 11 16 19 20 25 26 27 29 32 33 38 41 43 52 53 56 57 58 61 62 63 64 68 76 81 83 84 85 86 88 89 91 93 94 96 98 99 101 102 103 105 110 111 114 115 116 118 120 122 124 126 127 129 133 134 136 140 141 147 148 149 152 153 154 158 160 166 168 170 174 178 181 182 183 184 186 187 191 192 193 194 196 199 200
8 29 30 35 38 40 43 67 70 81 87 93 99 110 124 126 135 151 172 178 197
1 5 8 11 19 20 21 23 27 30 35 38 41 42 43 45 57 58 59 61 62 67 68 69 70 72 78 83 87 88 91 95 96 101 103 115 118 120 122 124 125 127 134 135 137 138 147 151 153 154 155 156 157 158 161 170 172 176 177 179 182 186 188 192 194 196 197
4 7 9 12 16 18 20 21 22 26 28 33 34 35 38 41 43 49 51 53 56 57 60 62 63 64 66 67 71 76 78 79 81 82 83 85 87 89 93 97 98 99 101 102 106 108 110 111 114 116 120 124 126 127 128 129 131 132 134 140 141 143 144 146 147 148 149 152 154 156 160 163 164 166 168 171 174 177 178 179 181 183 184 185 187 191 193 195 196 197 200
2 3 4 7 9 12 13 16 17 18 20 21 22 25 26 28 30 33 34 38 40 41 43 48 49 53 56 57 62 63 64 65 66 67 76 78 79 81 82 83 85 89 90 93 96 98 99 102 103 104 106 110 111 112 114 115 116 119 120 124 126 127 128 129 132 134 135 140 141 143 144 146 147 148 152 154 156 163 164 166 168 171 174 177 178 180 181 182 183 184 185 187 191 196 197 200
1 2 3 9 11 16 22 45 47 54 55 56 57 58 59 62 64 70 76 81 82 88 89 95 101 111 116 120 124 125 132 137 147 150 151 152 154 156 160 165 172 176 181 183 196
8 35 38 81 83 87 124 148 149 151 172
8 16 20 21 22 35 43 45 53 58 69 84 87 88 102 106 120 132 136 138 147 150 151 154 158 163 164 172 179 196
1 2 3 4 7 9 10 11 16 18 19 22 27 28 29 33 38 41 44 45 53 54 56 57 58 59 61 62 63 66 67 68 70 78 82 84 85 89 91 93 94 95 96 98 99 101 102 103 106 110 111 115 116 118 122 123 125 126 127 128 132 137 141 144 148 149 150 152 153 154 155 157 162 164 166 168 170 171 176 177 178 179 182 183 184 187 192 194 196 197 198
1 2 3 4 6 7 9 11 12 14 15 16 18 19 20 21 25 26 27 29 30 32 33 34 37 38 39 41 45 46 50 51 52 53 54 56 57 58 59 60 61 62 63 64 66 67 68 70 73 74 75 76 78 79 80 81 82 84 85 88 89 91 92 93 96 97 98 99 100 101 102 103 104 105 107 110 111 113 115 116 117 118 120 121 122 126 127 128 130 131 133 135 139 140 141 142 143 144 145 146 148 149 150 152 153 154 155 156 157 158 160 163 164 166 167 168 169 170 171 175 176 177 178 179 181 182 183 184 185 186 187 189 190 192 193 194 195 196 197 200
1 2 3 7 8 11 16 19 21 27 29 35 41 42 43 45 57 59 63 67 70 79 81 83 84 85 87 88 89 91 101 106 118 124 127 134 141 147 149 155 157 158 163 164 176 183 184 193
2 3 7 13 16 17 18 19 20 22 26 27 31 32 33 41 42 45 48 49 57 58 62 64 65 66 76 79 82 83 84 85 88 89 90 98 101 104 111 112 118 120 124 127 132 134 140 146 147 148 154 156 164 166 168 181 185 186 187 193 195 196 197 199
1 2 3 7 9 11 14 15 16 20 21 22 26 28 29 33 39 42 43 45 50 53 56 57 58 59 61 62 63 64 67 70 71 73 74 75 76 78 79 81 82 84 85 88 89 92 93 94 96 98 99 100 101 102 103 105 108 110 111 115 116 117 120 121 122 124 126 127 130 132 133 136 137 140 141 144 147 148 149 150 152 153 154 156 157 162 163 164 166 168 170 176 177 178 179 181 183 184 186 187 189 192 194 196 197 200
2 3 4 9 10 14 16 18 19 21 26 27 29 30 31 32 33 37 41 46 50 52 56 58 59 63 67 70 71 73 80 81 85 86 88 89 91 93 94 95 98 99 101 107 108 110 113 116 118 121 122 124 126 128 133 135 137 140 141 142 147 148 149 150 152 153 155 156 157 163 164 165 166 168 171 176 177 178 179 182 183 184 187 190 196 197 198 200
7 8 18 19 21 27 33 35 42 43 61 67 70 79 81 84 85 87 88 91 101 106 118 122 127 134 150 153 156 163 164 168 170 177 182 187 196 197 200
8 9 18 29 35 38 49 58 59 63 85 87 93 95 99 101 106 110 126 141 149 151 152 155 163 168 172 176 177 178 182 184 196
1 2 3 4 9 10 11 16 18 29 38 41 45 51 56 57 58 59 60 63 70 71 74 75 79 82 84 85 89 93 96 97 98 99 101 103 106 108 110 111 115 116 122 125 126 128 130 137 141 150 152 153 154 155 157 166 167 168 171 175 176 177 178 179 183 184 192 194 196 197 198
8 18 26 35 41 61 70 87 95 96 98 103 115 124 140 149 151 157 165 166 168 170 172 177 182
2 3 4 10 16 19 20 22 26 27 28 29 38 41 45 53 57 58 61 62 63 67 69 78 81 82 83 84 85 89 91 93 99 102 106 110 111 118 122 125 126 132 134 138 140 141 144 148 149 153 154 157 158 163 164 168 170 178 179 182 183 184 186 192 193 194 196 198
2 3 4 10 16 18 19 22 24 26 27 28 31 33 34 40 41 43 49 53 58 61 66 80 81 84 88 89 91 93 96 98 99 102 103 106 110 115 118 120 122 126 132 140 144 147 148 149 150 151 153 154 156 157 163 164 166 168 170 172 178 179 182 185 187 192 193 197 198 200
1 2 3 4 7 9 10 11 13 16 17 22 25 28 29 32 33 34 45 47 48 51 53 54 55 56 57 58 59 60 61 62 64 68 70 76 77 78 79 81 82 84 85 88 89 90 93 95 96 97 98 99 102 103 104 110 111 112 115 116 120 122 123 124 125 126 127 128 131 132 137 144 146 148 149 150 152 153 154 156 157 159 163 164 165 166 168 170 171 176 178 179 181 183 185 186 187 192 193 194 195 196 198 199 200
1 2 3 4 7 9 11 16 20 22 24 33 34 38 41 45 47 53 55 56 57 58 61 62 68 70 77 78 79 81 82 84 85 88 89 93 95 99 102 110 116 120 124 125 126 127 128 131 132 144 146 148 150 152 153 154 156 157 159 163 164 165 170 171 178 183 185 187 192 194 195 196
1 7 8 11 18 19 20 21 22 26 27 29 35 38 43 56 57 58 59 62 63 70 78 82 83 85 87 91 95 96 98 101 103 104 106 115 116 118 120 124 125 127 128 132 134 140 141 147 149 150 154 155 156 157 158 165 166 171 173 176 180 183 184 192 193 194 196
1 8 9 11 18 19 24 25 26 27 29 35 36 42 43 51 56 58 59 63 70 71 76 84 87 91 95 97 98 101 108 116 118 122 124 125 127 137 140 141 149 151 152 153 155 157 166 168 172 176 177 179 181 183 184 192 194 197
8 18 19 20 21 22 24 26 27 29 31 35 38 41 53 61 63 65 66 68 81 83 87 88 102 104 118 120 124 132 141 144 147 149 150 151 162 170 172 177 182 184 186 192 194
1 2 3 7 11 16 20 29 32 33 38 45 57 58 61 62 63 78 80 81 85 89 95 111 120 122 124 127 141 149 150 151 153 154 157 168 170 172 177 182 184 187 196
6 8 22 26 35 42 46 56 81 87 94 107 114 116 124 127 128 129 132 140 145 147 151 169 171 172 174 179 183 191 196 197
0 1 4 5 7 8 15 18 19 20 21 22 23 26 27 28 33 39 41 42 43 53 57 59 63 65 66 70 72 74 75 76 79 81 82 83 85 88 98 100 101 102 104 105 117 118 119 120 122 124 126 127 130 132 134 139 140 141 143 144 147 148 150 154 155 156 157 160 161 162 163 166 167 168 175 176 177 181 183 184 186 187 188 192 193 194 196 197
4 5 7 8 9 13 14 15 16 17 18 19 20 21 22 23 26 27 28 33 37 39 41 42 43 47 48 50 53 55 56 57 59 63 65 66 67 69 70 71 72 73 74 75 76 79 80 81 83 88 90 92 96 98 100 101 102 103 104 105 108 109 112 113 114 115 116 117 118 119 120 122 124 126 127 129 130 131 132 134 136 138 139 140 141 143 144 147 148 150 152 153 154 156 157 160 161 162 163 164 166 168 174 176 177 179 181 183 184 186 187 188 189 190 191 192 194 196 197 200
2 3 16 18 19 20 21 27 29 30 31 33 43 57 58 59 61 62 67 77 78 82 83 84 85 88 89 91 95 98 101 106 118 120 121 122 133 134 135 147 148 149 150 153 155 157 158 159 163 164 166 168 170 176 177 182 187 193 196
7 8 9 14 19 20 22 26 27 29 30 32 33 35 38 45 50 56 57 58 62 63 67 68 69 70 71 73 78 83 87 91 96 98 103 106 108 111 115 116 118 120 121 128 132 133 134 135 138 140 141 148 151 152 154 157 158 164 166 168 171 172 179 182 183 184 187 192 193 194 199
1 4 8 10 11 19 26 35 38 45 54 61 62 68 69 78 83 87 91 95 111 118 124 134 138 140 148 151 153 154 168 170 172 179 183 193 197 198
1 4 8 9 11 14 18 19 26 27 28 33 35 45 47 50 53 55 56 59 61 62 68 70 73 78 83 87 91 94 95 98 102 111 114 116 118 124 128 129 134 140 144 148 151 152 153 154 155 166 168 170 171 172 174 176 183 187 191 197
5 7 8 18 19 20 21 22 23 27 28 30 35 40 43 53 58 62 67 72 74 75 78 79 81 82 83 87 88 91 102 118 120 125 127 130 131 132 134 135 144 147 150 154 161 163 164 167 175 188 197
2 3 5 16 18 20 22 23 26 29 34 38 41 45 57 61 63 72 82 84 89 106 120 122 132 140 141 147 153 154 156 161 164 168 170 177 182 183 184 185 186 188 196
8 18 22 29 31 32 35 38 63 80 81 87 106 132 141 151 156 158 163 172 182 184 193
1 8 11 18 26 35 38 43 81 83 87 88 95 96 98 103 115 124 134 140 147 151 166 172 182 197
2 3 5 7 16 18 19 20 21 22 23 26 27 29 30 33 42 43 49 53 57 58 63 67 72 79 81 83 84 85 88 89 91 95 102 106 118 120 122 127 131 132 134 135 140 141 144 147 149 153 154 156 157 161 163 164 168 177 182 183 184 186 187 188 196 197 200
2 3 4 7 9 10 11 14 16 19 26 27 29 32 33 41 42 43 47 54 55 56 57 61 63 70 73 78 79 80 82 84 85 86 89 91 98 104 116 118 122 127 140 141 148 149 150 151 152 153 154 157 158 166 168 170 172 177 179 182 183 184 187 193 199
0 2 3 4 7 14 16 19 20 21 22 27 29 38 41 43 45 50 52 53 54 57 58 59 62 64 73 74 75 76 77 78 81 82 84 85 89 91 92 95 101 102 106 111 118 120 121 122 130 131 132 133 137 144 147 153 155 157 158 159 163 164 168 176 177 181 183 186 189 192 193 194 196
1 6 7 8 14 18 19 21 22 26 31 34 35 40 41 42 43 50 52 53 62 70 71 73 78 79 81 87 88 91 95 102 108 111 118 120 127 132 133 134 136 140 145 146 147 151 156 158 163 168 169 172 177 179 185 197 200
1 2 3 10 11 16 21 22 26 29 33 38 41 43 45 49 57 58 62 63 64 76 78 81 82 83 84 85 88 89 93 94 95 96 98 99 101 103 110 115 120 124 126 132 134 141 147 148 150 156 158 163 164 166 177 178 179 181 182 183 184 186 187 196 198
1 4 5 7 11 19 21 23 26 27 28 38 43 53 59 68 69 72 80 88 91 102 106 118 125 137 138 140 144 147 151 154 158 161 164 172 176 179 183 188
2 3 5 7 12 16 20 23 26 28 31 33 42 43 53 57 61 62 72 78 79 81 82 84 85 88 89 95 98 102 104 105 125 127 140 144 148 149 150 154 156 161 163 164 165 166 177 183 186 187 188 196 200
7 8 19 26 27 31 35 54 56 61 83 87 91 116 118 124 127 140 143 147 151 158 170 172 180 183 186
2 3 7 9 10 11 14 16 18 20 21 26 28 29 33 37 38 41 43 45 49 50 52 53 54 56 57 58 62 63 64 66 68 70 73 74 75 76 77 78 81 84 85 88 89 92 94 102 106 113 116 121 122 127 128 130 133 140 141 144 148 149 150 152 153 154 156 157 159 162 171 177 179 181 183 184 187 189 190 198 200
2 3 4 7 9 10 13 17 20 21 22 26 33 41 43 48 51 52 53 57 60 62 67 70 74 75 78 81 82 84 85 88 89 90 92 93 94 97 98 99 102 106 110 111 112 116 120 121 122 123 126 130 131 132 133 140 144 147 148 150 152 153 154 156 157 164 166 167 168 175 177 178 179 183 186 187 193 196 198 200
1 2 3 4 6 7 10 11 14 16 18 28 32 33 36 37 38 41 45 46 50 51 52 53 55 57 58 62 66 68 69 71 73 74 75 78 79 80 81 82 84 85 89 92 93 95 97 98 99 101 102 107 108 110 113 116 122 124 126 127 130 133 138 142 144 145 148 149 150 153 154 157 164 166 168 169 177 178 179 182 183 186 187 189 190 193 196 198 199 200
8 12 25 27 29 30 33 35 38 51 60 61 64 74 75 76 81 83 87 91 92 97 98 101 106 116 130 134 135 139 148 151 158 160 163 166 168 170 172 181 187 189 192 194
7 8 26 29 33 35 38 45 61 63 64 76 80 82 84 87 93 94 96 98 99 101 103 110 114 115 122 124 126 127 129 140 141 147 150 151 153 157 164 166 168 170 172 174 177 178 181 184 187 191 193 195 197 200
8 22 35 38 41 54 81 83 87 124 132 134 151 172 183 193
7 8 18 19 29 35 59 83 87 91 101 118 127 137 151 155 158 168 172 176 182
4 8 18 19 20 21 22 27 30 31 33 35 38 43 62 66 67 78 83 87 88 91 93 99 110 118 120 124 126 132 134 135 147 151 156 164 165 172 178 183 187 197 200
1 2 3 11 15 16 20 21 22 24 39 45 57 58 62 68 78 82 83 84 85 88 89 95 100 111 117 121 122 132 133 134 147 151 153 154 156 157 158 164 168 172 177 182 186 192 193 194 196
2 3 7 9 20 21 22 38 43 45 52 56 57 62 67 78 81 82 83 84 85 88 89 93 95 96 99 103 106 109 110 115 116 119 120 124 126 127 132 133 134 147 149 152 154 156 158 163 164 177 178 183 195 196 197
2 3 5 9 16 20 21 23 29 42 43 45 56 57 58 62 63 72 78 82 83 84 85 88 89 95 104 106 111 116 120 124 127 134 141 147 149 150 152 154 156 158 161 164 168 177 182 183 184 186 188 196 200
1 2 3 5 7 8 11 16 19 22 23 26 29 35 45 59 61 62 63 66 72 78 81 84 85 87 89 91 93 95 99 110 111 118 122 124 126 127 140 141 147 149 150 151 153 154 155 157 161 168 170 172 176 178 182 184 186 188 193 197
5 8 9 14 18 20 21 22 23 24 31 33 35 40 41 43 47 52 55 56 57 59 62 70 72 73 78 80 81 82 83 84 85 87 88 93 95 96 98 99 101 103 106 110 111 115 116 119 120 121 126 132 133 134 137 146 147 148 152 153 154 155 156 161 163 164 165 166 168 176 178 183 185 186 187 188 192 193 196 197 200
2 3 4 5 7 9 16 18 19 20 21 23 26 27 28 29 30 32 38 41 43 45 53 56 57 59 61 63 64 66 67 72 76 79 82 83 84 85 88 89 91 93 95 96 99 101 102 103 106 110 114 115 116 118 119 120 122 126 127 129 131 134 135 136 137 140 141 144 147 148 149 150 152 153 156 157 161 163 164 168 170 174 176 177 178 181 182 184 186 188 191 197 199
1 8 11 16 18 19 21 26 27 28 29 31 35 38 40 43 45 53 59 61 87 88 91 95 101 102 118 124 134 136 140 144 151 155 157 158 168 170 172 176 182 192 194 197
1 8 11 19 27 35 64 70 74 75 76 81 87 91 92 101 106 118 125 130 139 151 153 158 160 163 172 177 181 189
8 10 16 18 19 20 21 22 27 28 34 35 37 40 41 43 45 49 53 57 66 67 70 71 74 75 80 83 87 88 91 102 106 108 111 113 118 120 123 130 132 134 136 142 144 147 150 154 156 158 164 167 175 179 185 190 193 195 196 197 198 200
4 7 8 15 16 18 22 25 26 27 33 35 38 39 41 42 43 45 57 58 62 63 64 70 74 75 76 79 82 87 92 93 94 96 98 99 100 101 103 105 109 110 111 115 117 124 125 126 127 130 132 139 140 141 143 147 148 149 154 157 160 166 168 178 181 184 186 187 189 193 196 197 200
2 3 7 9 16 18 19 20 21 22 26 27 29 30 31 33 40 43 53 57 58 62 66 78 79 80 81 82 84 85 88 89 91 95 98 102 104 105 106 109 118 120 127 132 134 135 136 140 146 148 150 152 154 156 158 163 164 166 168 177 182 183 185 186 187 196 197 200
8 9 11 12 19 21 22 26 27 29 30 33 35 37 38 41 42 43 53 56 61 62 63 64 67 68 76 78 81 83 87 91 95 96 98 102 103 106 109 113 115 116 118 127 132 134 135 136 140 141 142 147 148 149 150 151 152 156 158 163 166 168 170 172 181 182 183 184 187 190
1 2 3 5 7 9 11 16 20 23 24 26 31 32 33 36 41 42 45 51 56 57 58 61 62 63 72 76 78 79 81 82 84 85 86 88 89 95 97 98 101 104 105 106 116 120 122 125 127 140 141 148 149 152 153 154 156 157 160 161 163 164 165 166 168 170 177 181 182 184 186 187 188 192 193 194 196 200
2 3 4 5 6 7 15 16 18 19 20 21 22 23 26 27 28 29 30 37 39 40 42 43 45 53 57 58 62 63 66 67 71 72 78 79 82 84 85 88 89 91 93 99 100 102 105 108 110 113 117 118 120 121 122 124 125 126 127 132 133 135 140 141 144 145 147 149 150 153 154 156 157 161 163 164 168 169 178 179 183 184 186 188 190 197 200
8 14 18 19 26 27 31 35 41 50 53 61 73 74 75 84 87 91 92 102 118 122 130 140 144 151 153 162 170 172 182 183 189 197
1 2 3 7 9 11 13 16 17 20 21 22 25 29 33 34 38 45 48 49 56 57 58 59 61 62 63 64 70 76 78 81 82 83 84 85 88 89 90 91 93 95 96 98 99 101 103 106 110 111 112 115 116 120 122 124 126 127 132 134 141 146 147 148 149 150 152 153 154 156 157 158 163 164 166 168 170 173 176 177 178 181 182 183 184 185 186 187 193 196 200
2 3 9 11 16 18 20 27 29 30 33 37 38 41 45 56 57 58 59 61 62 63 67 68 70 74 75 78 84 89 93 94 96 98 99 101 103 106 110 113 115 116 120 121 122 125 126 130 133 135 137 141 147 148 150 152 153 154 155 157 158 164 166 167 168 170 173 175 176 177 178 182 183 184 187 196 200
1 7 8 9 10 11 14 18 22 35 36 37 38 41 47 50 51 55 56 59 60 62 68 71 73 74 75 78 79 87 92 93 94 97 99 104 108 110 113 114 116 124 126 127 128 129 130 132 137 142 150 151 152 171 172 174 176 178 179 183 186 189 190 191 193 198
8 9 10 26 29 31 35 37 38 56 59 63 70 74 75 78 83 87 94 101 113 116 119 122 124 130 137 140 141 142 148 151 152 153 155 157 167 168 172 175 176 177 179 184 190 198 200
8 18 20 21 22 35 38 45 64 76 83 84 85 87 88 93 96 98 99 101 103 110 115 122 124 126 132 134 147 149 153 156 157 164 166 178 181 196
1 8 11 19 22 27 35 38 43 47 55 56 59 64 76 87 88 91 96 98 101 103 115 116 118 120 124 132 134 147 151 155 156 158 160 163 166 172 176 181
1 4 8 11 18 19 28 35 53 57 58 59 61 70 87 88 91 93 95 99 101 102 106 110 111 118 126 137 143 144 147 150 151 154 155 156 157 158 168 170 172 176 178 182 193 195 196 197 200
1 2 3 7 9 11 16 18 19 20 22 27 29 33 45 56 57 58 61 62 63 78 81 82 83 84 88 89 91 95 98 106 116 118 120 122 127 132 141 148 149 150 151 152 153 154 156 157 158 163 166 168 170 172 177 182 183 184 187 193 195 196 200
1 2 3 9 11 19 27 29 30 33 45 56 57 59 61 62 63 67 68 70 81 82 83 85 89 91 93 95 99 101 106 110 111 116 118 120 121 122 125 126 133 134 135 137 141 149 152 153 154 155 156 157 158 163 164 170 173 176 177 178 182 184 186 187 192 194 196
1 2 3 5 9 11 13 15 16 17 18 20 21 22 23 24 29 38 39 43 48 57 58 61 62 63 66 68 70 72 78 82 84 85 88 89 90 93 95 99 100 104 110 111 112 117 118 119 122 125 126 132 134 141 147 148 149 150 151 152 153 156 158 161 164 170 172 177 178 182 184 186 188 192 193 194 196 200
7 8 18 19 20 33 35 40 42 43 58 66 67 74 75 79 81 82 85 87 91 92 106 118 120 127 130 148 156 163 164 187 189 197
2 3 11 16 19 27 41 42 43 45 57 68 71 74 75 85 89 91 106 108 118 122 127 130 150 151 153 163 167 172 175 177 179 182 197
2 3 19 20 21 27 41 43 53 57 59 62 70 78 81 83 85 88 89 91 93 99 102 110 118 120 124 126 131 134 144 147 150 154 155 156 158 163 164 176 178 183
2 3 4 7 9 10 14 16 19 20 21 24 26 27 29 33 37 38 41 42 43 44 45 46 47 49 50 51 54 55 56 57 58 59 60 62 63 70 71 73 74 75 76 78 79 80 81 82 85 89 91 92 94 96 97 98 103 104 105 107 108 111 113 114 115 116 118 120 121 122 124 127 129 130 133 134 137 139 140 141 142 147 148 150 152 153 154 157 158 163 164 166 168 174 176 177 179 181 183 184 186 187 189 190 191 192 194 196 198
1 2 3 7 9 11 16 18 19 21 26 27 29 40 41 43 45 47 53 55 56 57 58 63 64 66 67 70 76 79 82 83 85 88 89 91 95 96 98 101 102 103 115 116 118 122 124 127 131 134 140 141 144 147 149 150 151 152 154 157 158 164 166 168 172 177 179 181 182 184 192 194 196
1 4 7 8 11 19 20 21 26 27 33 35 42 43 62 68 74 75 78 79 81 87 91 92 118 120 124 127 130 140 143 148 153 163 187 189 197
0 2 3 4 6 7 9 10 11 16 20 21 22 32 37 41 43 44 45 47 55 56 57 58 62 68 74 75 78 82 84 85 88 89 92 93 99 106 110 113 114 116 122 125 126 129 130 132 134 142 145 147 150 152 153 154 156 158 164 169 174 178 179 183 189 190 191 198 199
1 8 11 19 25 27 35 47 51 55 59 60 64 68 70 76 81 87 91 97 101 106 118 125 137 151 155 158 160 163 172 176 181
1 8 9 10 11 19 25 26 27 35 56 59 64 67 68 70 76 81 87 91 101 106 116 118 125 137 140 151 152 155 158 160 163 165 172 176 177 179 181 183 198
1 2 3 7 9 11 12 13 14 16 17 18 20 21 22 26 32 33 34 41 43 45 46 48 53 54 56 57 58 59 61 62 68 71 73 78 79 81 82 83 85 86 88 89 90 93 94 98 99 102 106 107 108 110 111 112 116 120 121 122 124 126 127 128 131 132 133 134 136 140 144 147 148 149 152 153 154 155 156 158 164 165 166 170 171 173 176 177 178 179 183 185 186 187 197 199 200
2 3 7 12 13 16 17 18 20 21 22 26 32 33 34 43 45 48 49 52 53 57 58 61 62 64 76 78 79 81 82 83 84 85 88 89 90 93 94 95 96 98 99 102 103 104 106 110 111 112 115 120 121 122 124 126 127 128 131 132 133 134 140 144 147 148 149 150 154 156 158 163 164 165 166 170 171 177 178 181 182 183 185 186 187 193 195 196 197 199 200
1 2 3 4 7 9 11 16 20 21 22 30 33 37 41 43 57 58 61 62 67 68 70 71 74 75 78 82 84 85 88 89 92 93 96 98 99 103 106 108 110 111 113 115 120 122 123 125 126 127 130 132 134 135 142 147 148 149 150 152 153 154 156 157 158 164 166 170 177 178 179 182 187 189 190 192 194 195 196 200
2 3 6 7 9 10 16 18 19 20 21 26 27 28 29 32 33 38 41 42 43 53 56 57 58 61 63 64 66 67 76 79 82 83 84 88 89 91 95 96 98 102 103 106 114 115 116 118 120 122 127 129 134 136 140 141 144 145 147 148 149 150 152 153 154 156 157 162 163 164 166 169 170 174 179 181 182 183 184 187 191 197 198 200
1 8 11 18 19 26 27 29 30 35 38 40 41 58 61 63 64 67 76 87 91 101 106 118 124 125 135 140 141 149 151 157 163 164 170 172 181 182 184 193 197
4 5 7 8 12 13 17 18 20 21 22 23 28 29 31 33 35 42 43 46 48 53 57 61 62 63 66 70 72 78 79 80 82 83 84 85 87 88 90 93 98 99 102 105 107 109 110 111 112 120 124 125 126 127 131 132 134 141 144 147 148 149 150 154 156 161 164 166 170 177 178 179 183 184 186 187 188 195 200
8 20 22 26 35 38 41 45 57 58 61 62 77 78 81 83 84 87 88 93 99 106 110 111 120 122 126 132 140 151 153 154 157 159 163 170 172 178 182
1 5 7 8 9 11 19 21 22 23 26 27 28 30 35 36 38 41 43 51 53 56 59 64 67 68 72 76 78 83 84 87 88 91 93 95 97 99 102 106 110 111 116 118 126 131 132 134 135 136 140 144 149 151 152 153 155 157 158 160 161 164 168 172 176 178 181 182 183 186 188 193 196
1 2 3 4 9 10 11 16 19 20 24 26 27 29 38 41 44 45 52 56 61 62 63 68 70 74 75 78 81 82 83 84 85 88 89 91 92 93 95 96 99 103 110 111 115 116 118 121 122 124 125 126 130 133 134 140 141 149 150 152 153 157 158 164 168 170 177 178 179 182 183 184 189 192 194 198
1 2 3 7 8 11 16 18 20 21 24 35 43 45 57 59 64 66 67 68 70 76 79 82 84 85 87 88 89 93 95 99 101 110 111 121 122 124 126 127 133 137 150 151 153 154 155 164 168 172 176 177 178 181 186 192 193 194 196
2 3 4 16 20 21 22 24 30 33 38 43 45 57 58 66 70 77 82 83 84 85 88 89 93 96 98 99 103 106 110 115 120 121 122 124 126 132 133 135 148 150 153 154 156 157 159 163 164 166 178 187 192 193
2 3 11 19 22 27 29 45 52 57 59 61 62 63 68 70 78 81 82 84 89 91 101 104 118 120 121 122 132 133 141 143 147 149 150 151 155 157 158 163 170 172 176 177 182 184
3 7 9 14 16 24 27 29 30 36 43 44 46 47 51 55 56 58 59 60 61 63 64 69 70 71 73 74 75 76 84 85 88 89 92 94 96 97 98 101 103 106 107 108 114 115 116 122 125 127 128 129 130 137 138 139 141 148 150 152 153 155 157 158 160 164 166 167 168 170 171 173 174 175 176 179 181 184 189 191 192 194
2 3 16 19 20 21 27 30 43 45 46 52 57 62 66 67 70 78 81 82 83 84 85 88 89 91 93 95 99 105 107 110 118 119 120 126 133 134 135 143 154 156 158 163 164 178 179 186 192 194 196
2 3 7 9 16 19 20 21 26 27 30 43 45 52 56 57 59 62 67 70 78 81 82 83 84 85 88 89 91 93 99 104 105 110 116 118 119 120 126 127 133 134 135 140 143 152 154 155 156 158 163 164 168 176 178 186 196 200
8 9 20 21 22 29 33 35 38 43 45 56 58 63 81 84 87 88 94 98 106 116 124 134 141 147 148 149 151 152 154 157 158 163 166 168 172 182 184 187 196
4 8 9 20 21 22 29 35 43 51 54 57 59 60 61 63 87 88 93 97 99 101 106 110 116 121 122 124 126 132 133 137 141 147 150 151 152 153 155 157 158 170 172 176 178 183 184
2 3 16 30 34 38 41 42 43 45 51 56 57 58 60 64 67 74 75 76 78 79 82 84 85 89 92 93 95 96 97 99 101 103 110 115 116 124 126 127 130 135 147 150 154 158 163 164 165 178 180 181 183 185 189 196 200
1 5 9 11 14 18 19 20 21 22 23 24 27 28 29 30 38 40 41 43 45 50 53 56 58 61 62 63 66 68 72 73 78 82 83 84 88 91 93 96 98 99 102 103 104 110 115 116 118 121 122 125 126 128 132 133 134 135 141 144 147 150 151 152 153 154 156 161 163 166 168 170 171 172 177 178 182 184 188 192 197
2 3 4 16 20 21 22 26 38 45 57 59 61 62 78 81 84 85 89 93 94 99 106 110 120 122 126 132 137 140 149 150 151 153 154 163 168 170 172 176 178 183 192 193 194 195 196 200
1 4 7 8 9 10 11 14 22 26 29 32 33 35 36 40 41 42 45 50 51 54 55 56 58 62 63 70 71 73 78 79 86 87 94 96 97 98 103 104 108 114 115 116 124 125 127 128 129 132 140 141 147 148 151 152 166 168 171 172 174 179 182 184 187 191 196 197 198
1 7 8 11 20 21 22 26 27 35 41 42 43 57 62 78 79 82 83 84 85 87 88 95 96 101 103 106 115 120 121 124 127 132 133 134 140 148 149 152 154 156 164 168 177 186 195 196 197
2 3 7 10 16 19 20 21 22 27 29 30 32 33 37 38 41 42 45 52 54 57 58 61 62 63 67 69 74 75 78 79 81 82 84 85 88 89 91 92 95 98 106 113 118 120 123 127 130 132 133 135 138 141 154 156 158 163 164 166 168 170 179 184 186 187 189 193 196 198 199 200
1 2 3 7 11 15 16 20 21 29 33 39 42 43 45 52 57 61 62 64 68 70 76 79 81 83 84 89 93 95 98 99 100 101 104 105 110 111 117 122 124 126 127 133 134 148 150 153 157 164 166 168 170 177 178 181 182 187 195 200
2 3 9 10 16 19 22 27 30 33 38 45 52 56 57 58 59 61 82 84 85 89 91 93 95 98 99 101 106 110 116 118 126 132 133 135 137 147 148 149 150 151 152 154 156 158 166 168 170 172 176 177 178 179 182 186 187 196 198
1 2 3 7 9 11 16 19 24 26 27 33 41 44 45 56 57 58 59 61 63 64 67 68 70 74 75 76 78 80 81 82 84 85 89 91 92 94 96 98 101 103 115 116 118 121 122 124 125 130 133 137 140 141 148 149 150 151 152 153 155 157 158 163 164 166 167 168 170 172 175 176 177 181 182 183 184 187 189 192 193 194 196 200
1 2 3 4 5 6 7 9 11 14 15 16 18 19 20 21 23 27 29 30 33 37 39 40 43 56 57 58 62 63 66 67 68 72 73 74 75 76 78 79 82 84 85 88 89 91 93 94 96 98 99 100 103 110 113 114 115 116 117 118 122 124 126 127 129 130 135 139 141 142 143 145 147 148 149 150 152 153 154 156 157 158 161 164 166 167 168 169 174 175 177 178 181 182 183 184 186 187 188 190 191 195 196 197 200
1 2 3 7 9 11 16 22 29 30 38 41 45 56 57 59 61 62 63 65 67 68 70 78 82 84 85 89 93 95 96 98 99 101 103 110 115 116 120 121 123 124 125 126 127 132 133 135 137 141 151 152 154 155 156 164 166 170 172 176 177 178 182 183 184 186 192 194 196
7 8 27 30 35 45 58 59 67 87 101 106 127 135 147 148 151 155 163 172 176 177 182
1 2 3 4 5 7 11 13 15 16 17 18 19 20 21 22 23 26 27 29 33 34 38 39 40 41 42 43 48 57 59 62 63 65 66 70 72 74 75 78 79 82 84 85 88 89 90 91 92 96 98 100 103 106 109 111 112 115 117 118 120 122 125 127 130 132 134 140 141 147 148 150 153 154 155 156 157 161 163 164 166 176 183 184 185 187 188 189 192 193 194 196 197 200
1 2 3 4 11 16 20 22 33 34 38 45 53 57 58 62 68 78 80 82 84 85 89 93 95 96 98 99 102 103 104 106 110 111 115 120 122 126 131 132 144 148 149 153 157 164 166 168 178 179 182 183 185 187 193 196 200
1 2 3 7 10 11 16 20 22 26 28 29 33 38 41 45 53 54 57 58 61 62 63 76 77 78 79 80 81 82 84 85 89 93 95 96 98 99 101 102 103 106 109 110 111 115 120 122 124 126 127 132 140 141 144 148 149 150 154 156 159 160 163 166 168 170 177 178 179 181 182 183 184 187 193 196 198
1 2 3 4 6 7 9 10 11 13 16 17 20 22 26 33 38 41 45 46 48 53 56 57 58 59 61 62 63 68 70 74 75 76 77 78 79 80 81 82 85 89 90 93 95 96 98 99 101 102 103 107 110 111 112 115 116 120 124 125 126 127 128 130 131 132 139 140 141 144 145 148 149 152 155 159 163 164 166 167 169 170 171 175 176 178 179 181 183 184 187 192 193 194 195 196 198 200
1 8 9 11 22 25 26 31 33 35 38 44 56 57 58 59 61 64 70 76 81 82 84 87 93 95 96 98 99 101 103 106 110 111 115 116 123 124 125 126 132 137 140 147 148 151 152 155 157 160 163 166 168 170 172 176 178 181 182 187 193 200
1 7 8 11 25 35 38 64 76 79 81 83 87 101 106 124 125 127 149 150 151 160 172 177 181
4 8 16 18 19 20 22 31 32 33 35 41 45 57 58 61 66 81 82 83 86 87 91 93 95 98 99 106 110 118 120 122 126 132 134 147 148 149 150 151 153 154 157 158 163 166 168 170 172 178 183 187 193 197 200
1 7 8 9 11 26 29 32 35 56 61 63 64 68 74 75 76 81 87 92 93 94 99 101 106 110 116 124 126 127 128 130 140 141 149 151 152 163 168 170 171 172 177 178 181 182 184 189
8 9 16 19 20 26 27 29 35 43 56 59 61 62 63 70 78 81 83 85 87 91 96 98 101 103 106 115 116 118 119 120 134 140 141 149 150 151 152 154 155 157 158 163 166 170 172 176 184
2 3 25 27 29 33 38 58 61 62 63 64 76 78 82 84 89 95 98 101 122 124 133 139 141 143 147 148 149 151 153 154 157 158 160 166 170 172 177 181 184 187 193 196
2 3 7 9 16 19 20 21 22 26 27 33 38 43 45 53 56 57 58 59 61 62 70 78 81 82 84 85 89 91 93 95 96 99 101 102 103 105 110 115 118 120 124 125 126 127 132 134 136 140 147 148 149 150 151 152 153 154 155 156 158 163 164 170 172 173 176 178 186 187 196 200
7 8 9 10 18 19 20 21 22 26 27 30 31 33 35 42 43 47 53 55 56 57 61 67 69 81 83 87 88 91 96 98 101 102 103 106 115 116 118 120 127 131 132 134 135 136 138 140 144 148 152 154 156 163 164 165 166 170 179 182 187 192 193 194 197 198
1 8 11 20 21 26 27 30 34 35 41 42 43 53 62 67 78 79 83 85 87 88 93 99 102 105 106 110 120 126 127 131 134 135 140 144 146 147 151 156 157 163 164 168 172 178 185 197
8 11 21 22 35 38 68 69 70 83 87 88 93 96 99 103 110 115 126 132 134 138 147 151 158 172 178 179 196
4 7 8 19 21 26 27 31 33 35 37 38 54 59 61 62 64 68 70 76 78 81 85 87 91 95 98 101 111 113 118 122 124 140 147 148 149 151 153 155 156 157 158 160 164 166 170 172 176 181 187 190
4 7 8 24 26 33 35 42 43 54 63 70 74 75 79 87 92 93 94 98 99 105 110 124 126 127 130 140 141 143 148 149 166 178 184 187 189 192 194 197 200
1 4 6 7 8 11 13 17 18 19 20 21 22 26 27 28 29 35 37 38 41 43 45 46 48 53 54 56 57 59 62 63 64 68 76 78 80 82 83 84 85 87 90 91 93 94 95 99 101 102 104 107 110 111 112 113 118 120 122 124 126 127 128 131 132 134 137 140 141 144 145 151 153 155 156 157 158 160 164 169 171 172 176 178 179 181 183 184 186 190 193 196
1 4 7 8 11 19 20 21 28 29 34 35 43 45 53 57 63 64 70 76 80 82 83 84 87 91 93 95 96 99 101 102 103 104 110 115 120 122 124 126 131 134 136 141 144 151 153 156 157 158 160 164 172 178 181 183 184 185 192 193 194 196
1 2 3 4 5 6 7 9 11 14 18 20 21 23 24 27 28 29 30 33 42 43 47 50 53 55 56 58 59 61 62 63 67 68 70 72 73 78 79 81 82 83 84 85 88 89 93 94 99 101 102 106 110 114 116 120 122 125 126 127 128 129 134 135 137 141 144 145 147 148 149 150 152 153 154 155 156 157 158 161 164 168 169 170 171 174 176 177 178 180 182 183 184 186 187 188 191 192 194 195 200
1 8 9 11 19 26 27 28 33 35 44 53 56 59 64 68 69 70 74 75 76 83 87 91 92 96 98 101 102 103 106 115 116 118 125 130 138 140 144 147 148 151 152 155 157 158 166 168 172 173 176 179 181 187 189 192 193 194
4 7 8 10 28 29 35 53 61 81 83 87 102 124 127 134 144 147 151 157 170 172 179 193 198
1 7 8 11 14 20 22 29 31 33 35 40 50 59 61 63 66 70 73 80 87 95 96 98 101 103 115 120 122 124 127 132 137 141 147 149 150 151 153 155 156 157 166 170 172 176 177 182 184 187 197
2 3 8 9 16 18 19 26 33 35 36 40 41 43 45 49 51 52 56 57 64 66 71 74 75 76 87 91 93 95 96 97 98 99 103 104 106 108 110 111 115 116 118 124 126 130 133 134 140 148 150 151 152 154 156 163 166 167 168 172 175 177 178 179 181 187 193 196 197
1 8 11 22 29 33 35 38 59 63 68 70 87 101 106 132 137 141 148 149 151 155 156 158 163 172 176 182 184 187 192 194
1 2 3 7 9 10 16 21 22 26 32 33 38 41 45 47 52 55 56 57 58 59 61 62 78 82 84 88 89 93 94 95 96 98 99 103 104 110 111 114 115 116 124 125 126 127 129 132 133 134 140 148 149 150 152 156 158 166 168 170 173 174 176 177 178 179 182 186 187 191 192 193 194 196 198 199 200
1 2 3 7 9 11 15 18 19 20 21 27 29 30 38 39 43 45 53 56 57 59 62 63 66 67 78 79 82 84 85 88 89 91 100 101 102 116 117 118 119 120 122 124 125 127 134 135 136 141 143 147 150 152 153 154 155 156 158 164 176 177 184 186 192 194 196 197
1 4 6 8 9 19 20 22 26 35 38 44 55 56 70 71 78 81 85 87 91 106 108 116 118 120 132 140 145 148 149 151 158 163 169 172 179 186
1 2 3 4 5 7 9 11 12 14 16 18 20 21 23 24 26 28 29 31 33 36 38 40 41 42 43 45 49 50 51 52 53 56 57 58 59 60 61 62 63 64 66 67 68 70 72 73 74 75 76 78 79 82 84 85 88 89 92 94 95 96 97 98 101 102 103 105 106 109 111 114 115 116 121 122 123 125 127 129 130 131 133 136 140 141 143 144 148 149 150 152 153 154 155 156 157 160 161 162 163 164 165 166 170 174 176 177 180 181 183 184 186 187 188 189 191 192 194 195 196 197 200
2 3 9 16 18 26 33 45 54 56 57 61 89 96 98 103 115 116 124 128 140 149 150 151 152 166 170 171 172 187 196
1 4 8 18 19 20 21 22 25 27 29 30 33 35 36 38 41 45 49 51 54 56 61 62 63 64 67 71 76 77 78 80 83 84 85 87 88 91 93 95 97 98 99 101 106 108 110 116 118 120 123 126 128 132 134 135 141 149 151 154 159 164 166 168 170 171 172 177 178 179 181 182 183 184 187 193 195 196 197 200
1 4 7 9 11 15 16 18 19 20 27 28 29 31 33 38 39 40 41 43 45 53 56 57 58 59 63 70 79 80 91 96 98 100 101 102 103 115 116 117 118 120 124 127 132 141 144 147 148 150 152 155 157 162 164 166 168 176 184 187 193 197
7 8 9 19 22 26 27 35 38 43 53 56 58 59 70 78 82 83 87 91 93 99 102 110 116 118 124 126 127 132 134 136 140 147 151 152 155 156 158 164 172 176 178
1 7 8 9 11 18 19 26 27 31 35 44 45 56 58 61 74 75 81 87 91 92 116 118 124 127 130 140 151 152 157 170 172 189 193 197
2 3 4 7 9 12 14 16 19 20 21 22 27 28 29 33 37 40 41 42 43 45 49 50 51 53 56 57 58 59 60 61 62 63 64 66 67 70 73 74 75 76 77 78 79 81 82 83 84 85 88 89 91 92 93 95 97 98 99 101 102 106 109 110 111 113 116 118 120 121 122 125 126 127 130 132 133 134 136 141 142 144 147 148 149 152 153 154 155 156 157 159 162 163 164 166 167 168 170 175 176 177 178 180 181 182 183 184 186 187 189 190 193 196 197 200
9 19 20 21 27 29 30 38 43 44 56 58 59 63 67 82 84 85 88 91 93 96 99 101 103 106 110 115 116 118 122 126 133 135 141 147 151 152 153 155 156 157 158 163 164 172 176 177 178 182 184 186 196 197
1 7 11 19 20 26 27 28 29 33 53 56 59 64 70 76 78 81 82 83 91 95 96 98 101 102 103 106 114 115 116 118 120 122 128 129 134 137 140 144 148 152 157 158 163 164 166 168 171 174 176 181 182 183 187 191
2 3 9 16 20 21 22 28 29 45 47 53 55 56 57 58 59 61 62 70 76 78 82 83 84 85 88 89 91 93 95 96 98 99 101 102 103 106 110 115 116 120 122 126 132 134 137 144 147 149 150 152 153 154 156 157 158 160 164 166 168 170 176 177 178 181 182 192 194 196
1 2 3 7 11 16 19 20 21 22 26 27 29 31 33 38 45 52 57 58 61 62 64 76 80 82 83 84 88 89 91 94 95 98 101 106 111 118 120 121 122 127 132 133 134 140 147 148 149 150 153 156 157 158 166 168 170 177 181 182 186 187 196 200
1 8 9 11 18 19 27 29 35 40 56 59 63 70 81 83 87 91 96 98 101 103 106 115 116 118 134 141 151 152 155 163 166 168 172 176 184 197
4 6 8 14 16 21 22 26 35 38 43 46 50 51 58 60 73 83 84 87 93 97 99 106 107 110 116 120 122 125 126 132 134 140 145 150 151 157 169 170 172 177 178 179 193
1 8 11 24 35 37 38 56 59 63 64 68 70 74 75 76 84 87 91 92 101 113 116 125 128 130 137 140 141 142 149 151 155 158 171 172 176 181 182 184 189 190 192 194
8 31 35 64 70 76 83 87 93 99 101 106 110 126 134 151 158 163 172 178 181
8 11 18 25 26 27 29 31 35 38 59 61 63 64 68 69 70 76 87 95 101 138 139 140 141 151 153 155 160 170 172 173 176 179 181 182 184
1 2 3 4 6 7 9 11 16 18 19 20 21 24 26 27 28 29 32 33 38 41 43 47 52 53 55 56 57 58 62 63 66 68 69 70 74 75 78 80 81 82 84 85 88 89 91 94 95 96 98 102 103 104 106 111 115 116 118 119 121 122 125 127 128 130 133 136 138 140 141 144 145 147 148 150 152 153 157 158 163 164 166 167 168 169 171 175 177 179 183 184 186 187 192 193 194 196 197 199
0 1 4 5 6 7 8 9 10 11 14 16 18 20 21 23 26 28 33 34 35 37 38 40 42 43 45 49 50 51 53 54 56 57 59 60 62 63 65 66 68 70 71 72 73 74 75 78 79 80 81 82 84 85 87 88 92 94 95 96 97 98 101 102 103 104 105 108 111 113 115 116 120 124 125 127 128 130 134 137 140 141 142 143 144 145 146 148 149 152 154 155 156 161 163 164 166 168 169 171 176 177 179 183 184 185 186 187 188 189 190 192 193 194 196 197 198 200
1 4 7 8 9 10 11 14 18 19 22 26 27 35 37 40 41 50 54 59 61 64 68 70 73 76 83 87 91 95 101 113 114 118 124 125 129 132 134 137 140 142 151 152 153 154 155 170 172 174 176 179 181 183 190 191 197 198
2 3 4 8 9 16 18 22 26 29 33 35 38 40 41 54 56 57 58 61 63 66 67 70 83 87 89 94 95 98 116 122 124 132 140 141 147 148 149 150 151 152 153 154 156 166 170 172 183 184 187 197
1 4 8 9 10 11 20 26 35 38 41 45 47 55 56 59 61 68 70 81 82 85 87 95 101 114 116 122 124 125 129 137 140 151 152 153 154 155 157 163 168 170 172 174 176 179 182 183 191 192 193 194 198
1 8 11 20 21 31 35 42 43 59 68 70 79 87 88 96 101 103 115 125 127 128 137 151 155 156 157 171 172 176 182
2 3 4 7 9 13 14 16 17 18 19 20 21 22 26 28 33 38 43 45 48 49 53 56 57 58 65 70 73 82 84 85 88 89 90 91 93 95 98 99 102 110 111 112 116 118 120 121 122 126 127 132 133 140 144 147 148 150 152 153 154 156 157 158 163 164 166 178 183 187
0 8 9 14 16 25 26 28 29 32 35 38 41 49 50 52 53 61 62 63 64 73 76 78 81 83 84 85 86 87 94 95 101 102 104 106 111 120 121 122 133 140 141 144 147 150 151 152 157 160 163 168 170 172 177 181 182 184
1 2 3 7 11 16 26 29 41 45 57 58 61 62 63 68 77 78 79 81 83 84 89 95 96 98 103 106 109 115 120 122 124 127 134 140 141 147 148 149 150 153 154 156 157 158 159 163 166 168 170 177 182 184 192 193 194 195 196
0 1 2 3 10 11 16 19 20 26 27 28 29 31 33 34 38 40 45 53 56 57 58 61 62 63 78 81 82 83 84 85 88 89 91 95 98 102 106 116 118 120 121 122 128 133 134 140 141 144 147 149 150 153 156 157 158 162 163 164 166 168 170 171 177 179 182 183 184 185 186 187 193 196 198 200
16 19 20 21 22 27 45 57 58 62 78 81 85 88 91 95 106 118 120 123 132 134 147 150 151 154 158 163 172 196
2 3 5 16 19 20 21 23 24 28 31 33 38 42 43 45 49 53 57 58 70 72 78 79 82 83 84 85 88 89 91 93 95 99 102 104 110 118 119 120 124 126 127 134 144 146 149 150 156 158 161 164 165 168 177 178 182 183 185 186 187 188 192 194 196 200
7 8 9 21 25 29 35 43 46 53 56 63 64 70 76 81 83 87 88 95 101 102 107 116 120 124 127 134 136 139 141 149 151 152 160 165 168 172 177 179 181 184
1 6 7 8 10 11 16 18 20 21 22 26 32 33 34 35 36 38 41 43 45 51 53 57 58 61 62 64 67 76 77 78 79 80 81 82 83 84 85 86 87 88 93 94 95 96 97 98 99 102 103 110 111 114 115 116 120 123 124 126 127 129 131 132 134 140 144 145 146 148 149 152 154 156 159 164 166 169 170 174 178 179 181 182 183 185 186 187 191 192 194 196 197 198 200
2 3 5 7 9 11 21 22 23 26 29 38 41 45 56 58 61 62 63 68 70 72 78 82 83 84 89 91 93 95 99 106 110 111 116 119 122 125 126 127 132 134 140 141 147 149 152 153 157 158 161 163 164 168 170 177 178 182 183 184 188 193 196
8 9 18 19 27 33 35 56 58 59 61 70 83 87 91 93 99 101 110 116 118 126 128 137 148 151 152 155 170 171 172 176 178 187 197
8 28 30 35 41 53 64 69 74 75 76 87 92 102 105 106 130 135 138 144 151 156 158 163 172 179 181 189 197
2 3 9 11 16 20 21 22 28 29 38 41 45 49 53 54 56 57 58 61 62 63 68 76 78 81 82 84 89 95 96 98 101 102 103 105 111 115 116 120 122 124 125 132 136 139 141 144 149 152 153 154 156 157 158 160 163 166 168 170 177 181 184 186 193 196 197
2 3 4 7 16 18 29 33 35 38 40 49 53 58 61 62 63 64 66 76 78 87 88 89 91 101 102 106 111 120 122 127 128 131 141 144 148 149 150 151 153 156 157 158 168 170 171 172 177 181 182 183 184 187
4 8 9 11 16 26 29 33 35 41 44 56 57 61 62 63 68 69 70 87 98 106 111 116 122 138 140 141 147 148 149 151 153 157 163 166 168 170 172 179 182 183 184 187
4 6 8 9 11 18 19 21 22 26 27 28 29 33 35 43 53 54 56 58 63 66 68 74 75 87 91 94 98 102 105 118 120 122 130 132 140 141 144 145 148 149 151 152 153 156 157 158 163 166 167 169 172 175 177 182 184 187 200
0 2 3 9 10 12 16 26 28 29 30 32 33 34 38 41 42 45 49 51 53 55 56 57 58 60 63 67 70 80 81 84 85 86 89 93 94 95 96 97 98 99 102 103 110 115 116 122 124 126 127 128 131 135 140 141 144 146 149 150 152 153 154 157 158 163 164 165 166 168 171 177 178 179 183 184 185 187 193 196 198 200
1 2 3 5 7 11 16 23 27 30 45 57 59 72 81 85 88 89 93 99 101 110 120 124 126 127 132 134 135 146 147 149 154 155 156 161 164 168 176 177 178 185 186 188 197
2 3 16 20 21 22 29 30 33 34 38 43 45 53 57 58 61 62 63 67 78 81 84 85 88 89 93 95 99 102 106 110 120 122 124 126 132 135 136 141 147 148 150 151 154 157 158 163 164 170 172 177 178 184 185 186 187 193 196
0 1 2 3 7 9 11 14 15 16 18 19 20 21 22 27 29 30 31 33 36 37 39 40 41 44 45 47 50 51 55 56 57 58 61 62 63 64 68 70 71 73 74 75 76 78 79 80 81 82 83 84 85 88 89 91 95 96 97 98 100 103 106 108 111 113 115 116 117 118 120 122 125 127 128 130 132 135 141 148 150 152 153 154 156 157 158 163 164 166 167 168 170 171 175 177 179 181 183 184 187 190 193 196 197 200
1 2 3 5 9 11 16 19 20 21 22 23 26 27 33 43 45 54 56 57 58 61 62 67 68 70 72 78 79 82 83 84 85 88 89 91 93 98 99 106 110 116 118 120 122 125 126 127 132 134 140 147 148 149 150 152 153 154 156 158 161 163 164 166 170 177 178 183 187 188
8 9 18 19 26 27 29 35 38 40 41 56 59 61 63 74 75 81 84 87 91 92 93 99 101 110 116 118 122 124 126 130 140 141 151 152 153 155 157 163 165 168 170 172 176 177 178 182 184 189 197
8 11 19 21 22 26 27 28 33 35 39 42 43 53 61 68 74 75 81 87 88 91 92 95 100 102 106 118 122 127 130 132 140 144 147 148 149 151 157 163 170 172 177 182 183 187 189 197
1 2 3 4 7 9 10 11 12 16 18 25 26 28 29 30 32 33 36 38 41 42 45 49 51 52 53 56 58 60 61 62 63 64 68 76 78 79 81 83 84 85 86 88 89 93 95 96 97 98 99 102 103 104 106 110 115 116 120 122 124 126 127 131 133 135 136 140 141 144 148 149 150 152 153 156 157 162 163 165 166 168 170 177 178 179 181 182 183 184 186 187 193 196 197 198 200
1 2 3 7 9 11 16 26 28 29 30 32 33 38 41 42 43 45 53 56 58 61 62 63 64 67 68 76 78 79 80 81 82 83 84 85 88 89 93 95 96 98 99 101 102 103 104 106 110 114 115 116 120 122 124 126 127 129 135 136 140 141 144 148 149 150 152 153 156 157 160 162 163 165 166 168 170 174 177 178 181 182 183 184 186 187 191 193 196 197 200
1 8 11 28 35 41 53 58 87 88 94 96 98 102 103 106 115 144 151 154 156 166 172 182
1 2 3 4 9 11 16 20 21 22 26 33 34 38 41 43 45 46 56 57 58 64 68 76 81 82 85 89 93 94 95 96 98 99 101 103 107 110 115 116 120 124 125 126 132 140 148 149 152 153 154 163 164 165 166 178 179 181 183 185 186 187 192 193 194 196 200
4 7 8 25 26 35 37 70 76 87 113 124 127 140 151 172 181 190
7 8 16 29 33 35 41 47 55 56 58 62 63 78 80 87 88 95 98 106 116 127 141 147 149 150 151 156 157 166 168 172 182 184 187 197 200
2 3 4 7 9 10 16 18 21 22 29 31 33 36 38 42 44 45 49 51 53 56 57 58 61 62 63 68 70 78 82 85 88 89 93 94 95 97 98 99 102 104 110 111 114 116 125 126 127 128 129 131 132 141 144 148 152 154 156 158 163 164 166 170 171 174 178 179 180 182 183 184 186 187 191 195 196 198 200
1 2 3 4 7 9 10 16 18 21 22 24 29 31 38 42 45 47 49 53 55 56 57 58 62 63 78 82 88 89 93 95 99 102 104 110 111 116 125 126 127 128 131 141 144 152 153 154 156 163 164 171 178 179 182 183 184 186 192 193 194 196 198
0 1 2 3 6 7 9 10 14 16 20 25 28 29 33 36 37 38 45 50 51 52 53 56 57 59 61 63 64 69 70 73 74 75 76 82 83 85 89 95 96 97 98 101 102 103 113 115 116 119 120 121 128 130 133 134 137 138 141 142 144 145 147 148 151 152 154 156 158 164 166 167 169 170 171 172 175 176 179 180 181 183 184 187 190 192 194 196 198 200
2 3 4 7 16 20 28 29 30 45 53 57 61 68 70 80 82 83 85 89 102 120 121 133 135 144 147 148 149 151 153 154 156 158 168 170 172 180 182 196
1 8 11 26 33 35 41 83 87 95 96 98 103 115 124 140 147 148 151 166 172 182 187 196 197
8 18 20 22 30 35 38 58 64 67 76 83 87 101 120 124 132 134 135 147 151 156 158 168 172 181 182 196
1 2 3 9 11 16 29 33 38 41 45 46 49 54 56 57 58 61 62 63 68 70 78 80 81 82 84 85 88 89 93 95 98 99 105 106 107 110 111 116 120 122 124 125 126 141 148 149 152 153 154 156 157 163 164 166 168 170 177 178 179 183 184 187 192 193 194 196 197 200
1 7 8 11 14 18 35 38 42 43 50 52 59 68 70 73 79 82 83 84 85 87 91 101 121 124 125 127 133 137 151 155 156 168 172 176 177 186 192 193 194 197 200
