3 4 5 13 16 17 18 21 25 26 27 28 29 30 32 33 35 37 41 42 44 48 56 58 60 64 66 68 69 73 83 89 91 92 100 102 107 111 115 116 121 124 134 139
5 6 10 17 18 32 37 41 44 58 87 102 106 110
3 4 5 7 12 21 25 26 27 28 29 30 33 35 36 37 41 42 44 46 48 49 55 60 62 63 64 81 83 84 89 100 102 104 107 115 116 117 121 122 134 139
3 5 13 17 18 21 26 27 29 30 33 35 41 42 44 46 48 49 60 64 66 68 73 83 89 100 102 104 107 115 116 121 129 134 139 143
3 4 5 8 9 10 12 15 16 17 24 25 26 27 28 29 31 33 34 35 41 44 46 53 58 63 64 67 68 87 88 102 103 104 105 106 107 110 111 115 116 121 122 124 125 139
7 13 18 21 29 30 33 34 35 41 44 46 62 68 83 89 103 106 107 114 116
5 7 10 13 17 18 19 26 30 32 38 39 41 44 48 49 58 60 62 67 68 71 73 74 75 77 78 79 80 87 88 89 94 96 97 100 102 103 104 106 107 110 111 113 114 118 119 121 124 132 134 139
0 4 5 7 12 13 16 17 18 21 25 28 29 30 33 34 35 37 39 41 48 56 58 60 61 62 63 64 68 69 71 78 79 89 100 104 107 110 115 121 124 132 135 139
18 21 29 41 44 46 58 89 104 107 114 130
0 5 12 13 41 44 55 56 58 64 68 87 102 103 104 106 110 111 113 114 115 124 131 139 142
0 3 4 5 10 12 16 17 18 19 21 23 25 26 28 29 30 31 33 34 35 38 39 41 42 59 60 61 62 64 68 69 75 76 91 92 94 97 99 105 106 110 113 118 123 129 130 132
4 12 16 17 18 21 25 26 27 28 30 32 33 34 35 37 46 55 58 60 64 68 71 79 89 102 103 104 106 115 116 122 124 139
3 4 5 7 10 13 16 17 18 21 24 26 28 29 30 33 35 37 39 41 44 49 58 59 60 62 68 83 89 102 103 104 106 114 116 124
28 29 30 34 35 37 46 55 102 103 104 106 107 110 111 113 121
4 5 7 10 13 17 18 28 30 34 37 40 46 79 89 102 104 105 106 107 114 115 116 121 134
4 5 28 29 30 34 35 44 46 76 89 102 103 104 114 115 130 139
0 2 5 10 25 26 41 58 64 67 71 83 84 87 88 89 94 99 100 103 104 105 106 107 114 116 124 127 134 139
3 5 7 12 18 24 27 29 31 32 33 34 35 39 64 79 83 89 103 106 108 116 127 139
3 4 5 10 13 16 17 18 21 24 25 26 28 29 32 33 34 35 37 39 41 44 58 60 64 67 68 79 87 91 92 102 103 104 106 115 116 121 122 124 125 134 141
3 4 5 13 16 17 18 21 29 30 33 35 36 39 40 41 44 56 58 63 68 79 89 102 104 107 110 111 112 115 117 121 124
5 10 13 89 110 114 124
0 5 10 13 17 24 37 41 44 68 69 79 81 83 84 89 104 107 114 116 124
3 5 7 10 13 16 18 21 24 25 28 29 30 32 33 34 35 39 40 41 44 51 53 68 71 87 100 102 109 110 111 120 124 125 128 132 134
10 13 30 37 40 44 46 58 60 68 87 114 134 139
4 5 13 16 21 24 25 26 28 29 30 31 32 33 34 35 36 37 39 41 44 45 46 55 58 60 64 67 68 81 83 89 103 106 107 115 116 124 132 134
3 4 13 17 18 21 29 30 33 34 35 37 39 46 48 58 60 62 76 78 79 89 100 102 106 107 114 115 116 134 139
3 4 5 10 12 13 14 16 17 18 19 21 24 25 26 28 29 30 33 34 35 37 38 41 42 51 53 58 63 64 67 68 69 83 89 99 100 105 110 121 124 125 127 132 139
3 4 10 16 17 18 25 26 28 33 34 37 39 40 41 42 44 46 58 60 62 65 67 68 71 79 81 83 84 86 87 90 100 107 110 111 115 116 121 124 132 136
2 3 4 7 16 17 21 25 26 39 41 44 55 60 64 76 87 88 89 98 103 104 105 106 107 110 111 113 115 122 124 139 142
7 8 10 12 16 25 26 28 33 44 64 111 116 122 124
5 10 25 26 41 67 68 74 75 84 86 87 89 90 91 93 94 96 97 98 100 102 103 113 114 130 131 143
4 5 7 9 11 12 13 14 16 17 18 21 23 25 26 28 29 30 31 32 33 34 35 36 37 39 46 48 54 55 56 58 60 62 63 64 66 68 71 74 75 79 89 92 98 102 103 105 106 107 110 115 116 117 118 121 124 131 139
0 4 5 7 12 16 17 18 21 26 29 30 32 33 37 39 41 44 48 49 58 62 63 64 68 71 76 77 78 79 89 91 92 99 100 102 105 107 110 111 115 116 117 121 124 131 132 133 134 139 140 141
3 4 18 25 28 30 32 34 35 39 46 68 87 92 102 104 107 113 114 116 124
24 41 42 103 104 106 110 111 114
0 2 7 10 12 21 24 25 29 32 33 35 37 44 59 63 65 66 67 68 75 76 79 87 94 96 97 98 102 103 104 105 106 107 110 111 113 115 116 124 130
4 5 7 10 13 16 17 18 21 26 27 28 34 35 37 42 44 46 58 61 62 63 68 76 83 84 89 104 107 110 113 115 116 121 125 134 139
4 5 10 13 32 39 41 43 44 58 63 68 87 88 102 103 104 106 107 110 111 113 115 117 121
2 4 5 7 10 12 16 17 18 26 30 33 34 39 46 62 63 64 69 75 83 84 89 90 94 97 103 104 106 107 114 116 118 124 125 132
4 5 7 12 16 17 18 21 24 25 26 28 29 32 33 34 35 36 37 39 46 58 60 62 63 64 68 76 89 98 103 110 111 115 116 118 121 124 130 136 139
0 12 13 25 26 39 41 44 48 84 85 86 89 102 103 106 107 110 111 113 116 139
3 5 17 21 25 28 29 30 33 34 35 44 63 64 68 76 87 92 98 101 102 103 104 106 107 110 115 116 121 134 141
0 3 4 12 16 17 25 26 28 33 36 38 41 48 49 54 58 63 64 67 68 74 78 79 86 87 94 95 96 102 103 106 110 111 119 124 127 130 131 132 136 139
0 3 4 5 7 10 12 16 17 18 21 24 26 33 34 37 39 46 48 49 58 60 61 62 67 68 71 75 77 78 79 83 84 89 94 95 97 103 105 106 110 114 127 132
0 2 4 5 12 13 16 17 18 21 24 25 26 28 29 33 35 37 39 46 48 56 58 64 68 71 78 79 83 84 85 89 94 97 105 107 110 111 115 116 118 121 122 125 127 128 130 133 134 139
2 3 4 5 7 12 13 16 17 18 21 25 26 27 28 29 30 32 33 34 35 37 46 55 58 60 63 64 83 84 89 100 102 103 106 107 115 116 139
3 5 13 16 17 18 21 26 27 28 29 31 34 35 37 46 55 56 58 60 63 64 83 84 95 100 102 104 107 116 136 139
0 1 10 13 15 16 17 19 21 33 37 39 41 44 58 59 60 62 68 77 83 87 102 104 114 124 134
0 1 5 10 13 16 17 21 24 33 37 41 44 58 59 60 62 68 83 87 102 114 124 134
3 5 10 16 17 18 21 25 26 28 29 30 33 34 35 37 41 44 48 51 58 60 63 64 66 76 83 84 87 89 98 103 106 107 115 116 118 124 141 142
4 7 9 16 21 25 28 29 30 33 42 44 48 49 60 62 64 66 68 71 75 79 87 89 97 102 103 105 107 110 111 115 116 124 138 139
3 4 5 13 17 21 30 33 34 35 37 41 44 58 81 83 84 104 114 116 122 124 127 134 139
16 17 18 21 25 26 28 29 33 34 41 58 63 64 78 89 100 103 107 110 116 124 131 139
3 5 7 10 11 13 17 18 25 26 27 28 29 30 31 32 35 39 44 46 47 48 58 59 60 61 62 64 65 68 100 102 107 115 116 121 122 124 134 139
4 5 13 17 18 21 26 28 29 30 32 33 34 35 37 41 44 46 48 58 89 91 92 98 103 104 106 115 116 134 139
18 25 26 33 34 35 36 39 41 46 48 58 59 77 78 79 84 85 114 115 116 130
3 4 7 9 13 17 21 25 26 28 29 30 31 32 34 35 36 37 38 39 41 44 46 48 55 60 62 64 68 75 78 89 98 100 101 102 103 104 106 107 110 111 113 115 117 121 122 124 125 127 134 139 140 141
4 5 7 13 16 17 18 21 24 26 28 29 30 32 33 34 35 37 39 46 56 58 60 64 67 68 69 73 79 83 84 92 102 115 116 124 134 139 143
3 7 13 25 27 28 29 30 33 34 35 39 46 58 60 62 68 89 102 106 107 115 116 124 127 134 139
3 6 7 10 12 16 17 21 25 26 30 39 46 48 49 58 60 62 63 64 67 68 78 79 87 88 91 102 103 104 106 110 111 112 113 121 124 134
3 4 12 16 17 18 19 21 23 24 25 26 28 29 32 33 34 35 37 39 41 44 46 47 48 49 58 61 63 64 67 68 71 76 78 87 92 94 97 98 100 102 103 105 106 107 110 115 116 121 122 124 126 127 129 132 134 139 142
5 13 30 46 89 114
5 10 13 16 17 18 24 26 30 33 35 37 39 41 48 49 55 62 67 68 74 76 82 83 89 98 99 100 103 104 105 106 114 115 116 119 139
4 10 13 16 28 33 34 35 41 60 64 89 103 104 106 107 114 116 122 139
3 4 7 12 16 18 19 21 24 25 26 28 29 30 33 34 35 36 39 41 44 46 48 49 53 55 59 60 62 63 64 68 87 88 89 102 103 104 106 107 115 116 124 132 134 139
5 10 11 15 16 17 18 24 25 26 27 30 36 37 39 42 46 55 60 61 62 63 64 74 77 78 79 89 94 98 100 104 105 107 114 116 124 125 132 133 134 139
0 39 50 63 89 104 114 139
7 10 24 39 60 68 71 78 79 89 100 104 105 114
6 12 13 17 25 29 34 35 41 58 79 87 88 89 102 103 106 107 114 116 139
12 26 28 33 107 114
4 5 10 13 16 18 21 25 29 30 32 33 34 35 39 41 42 44 56 60 62 63 76 78 87 88 102 103 104 106 107 110 111 113 115 134
3 4 7 13 16 17 18 21 29 30 34 37 44 48 58 60 68 78 79 87 88 89 102 103 104 106 114 115 116 134 139
3 4 5 13 17 21 31 37 39 41 42 44 46 58 68 77 79 87 88 100 102 103 114 115 116
0 4 5 10 12 16 17 25 29 33 39 41 55 63 68 87 88 89 92 101 102 103 104 106 107 115 116 121
4 5 13 37 46 81 82 83 84 87 88 104 114 116 122 124
4 10 13 14 16 21 25 26 27 28 29 30 32 33 35 46 60 63 64 68 83 85 100 103 104 110 111 113 121 124 138 139
3 7 13 18 24 29 36 37 39 46 48 56 59 60 62 64 69 76 79 87 100 102 103 106 107 114 115 116
3 5 10 13 17 18 30 35 37 41 44 58 79 91 114 116
3 25 27 31 32 42 45 46 59 63 64 66 67 73 78 79 102 103 104 106 107 110 111 113 115 121 124 134
0 3 6 7 10 11 12 13 15 16 17 18 20 21 24 25 26 27 28 29 30 32 33 34 35 36 37 39 40 41 42 44 45 48 49 54 55 56 57 58 59 60 61 62 64 75 76 78 84 87 88 94 96 98 99 100 102 103 104 105 106 107 110 111 121 123 124 130 133 134
3 4 5 7 13 18 21 25 29 30 32 33 34 35 44 58 60 68 88 89 98 100 102 103 104 106 110 113 116 124 126 134 139
4 5 10 12 16 18 21 24 26 29 30 33 35 37 41 44 49 55 58 59 60 64 66 69 75 76 89 98 102 103 104 106 107 114 115 116 134
3 5 18 21 25 26 28 29 30 32 33 34 35 41 44 56 60 64 66 68 78 85 87 89 98 102 103 105 106 107 110 115 116 118 124 130 132
4 5 13 25 28 29 30 31 32 34 35 41 44 55 60 64 102 103 106 107 115 116
3 4 7 16 18 21 32 33 37 39 46 58 60 62 77 78 79 83 87 114 124
3 16 21 29 30 37 46 48 49 58 60 110 114
0 3 4 5 8 9 10 12 13 16 17 18 21 24 26 28 29 30 31 32 33 34 36 37 39 41 44 48 49 51 53 55 56 58 60 62 63 64 66 67 74 75 80 83 84 98 99 100 104 105 107 110 115 116 118 122 127 132
11 25 26 28 29 30 33 34 35 36 39 41 44 48 49 56 58 64 83 89 98 100 103 104 106 107 115 116 121 124 139
5 7 12 15 25 26 28 29 30 33 34 35 39 41 44 48 49 58 64 79 89 103 104 106 107 115 116 124 139
2 7 16 21 24 25 26 28 29 30 33 34 35 41 44 45 46 60 64 76 79 87 88 91 94 102 103 104 105 109 110 111 113 115 116 124
5 13 30 42 46 89 104 106 114 139
0 5 7 8 10 12 16 24 25 26 27 33 35 36 37 39 40 41 42 44 45 48 49 55 63 64 67 68 76 85 89 94 97 99 100 101 102 103 104 105 106 107 110 111 115 116 117 118 121 124 132 134
5 10 12 13 16 17 25 26 28 30 34 37 40 41 44 58 60 62 67 81 83 84 100 110 114 123
3 7 10 12 16 18 25 26 31 46 60 62 63 64 68 87 100 104 114
0 2 3 4 12 16 19 21 23 34 37 39 46 51 52 58 61 62 63 65 67 68 74 75 90 93 94 95 97 100 110 118 127 128 129 130 131 132 136
3 5 7 10 12 13 15 16 17 18 21 24 25 26 27 28 33 34 35 36 37 44 58 68 87 92 102 103 106 107 110 111 113 115 116 120 121 124
3 13 29 34 37 41 83 87 104 114 134
3 6 7 8 10 17 21 24 28 29 30 31 32 35 36 37 39 44 46 48 49 59 60 62 63 64 67 68 76 78 79 81 86 87 91 92 100 102 103 104 106 110 111 113 115 121
5 7 13 16 17 18 21 29 30 32 33 35 37 41 44 48 56 58 60 62 64 89 91 92 103 104 106 107 114 115 116 139
0 3 5 7 9 10 12 13 16 17 18 19 21 24 26 32 34 37 46 51 52 58 62 63 83 84 87 97 98 104 108 110 114 115 124 127 134
3 4 5 7 10 13 16 17 18 21 24 25 26 28 29 30 31 34 41 42 44 49 58 64 68 73 81 82 83 84 107 116 124 125 134
3 4 6 12 15 16 17 21 25 26 28 29 30 32 33 35 36 39 44 46 51 63 64 65 68 71 76 78 79 87 88 89 91 92 100 102 103 104 106 107 110 111 116 128 132 136 138 139
0 3 6 7 12 14 15 16 17 21 25 26 28 30 31 32 33 35 36 39 45 46 55 56 62 63 64 68 71 76 78 79 81 83 84 87 88 89 91 92 97 99 100 102 103 104 106 107 110 111 115 116 117 118 119 131 132 134 137 138 139 140
4 10 13 14 18 32 35 41 76 87 102 103 104 106 111 113 115
7 10 13 16 21 39 46 52 60 62 67 78 79 83 87 104 114 124 132
3 4 10 12 16 17 25 26 30 33 34 44 46 58 63 68 76 87 89 100 102 103 104 107 116 124 127 139
3 4 5 13 18 29 39 40 41 44 77 78 79 87 100 104 114 115 124 134
3 4 10 26 39 44 46 58 83 87 114 127
3 4 13 21 29 35 42 46 67 71 83 87 103 106 114 115 117 130
0 5 7 12 13 16 18 25 26 28 33 34 35 37 41 47 64 102 103 104 106 110 111 115 116 121 124 139 140 141
0 1 4 5 18 24 41 43 44 62 68 69 87 103 106 107 113 114
3 5 9 10 12 13 23 24 26 32 34 39 46 58 60 62 69 74 83 96 97 98 103 104 108 110 114 115 124 127 130 134
3 4 5 7 12 13 16 17 18 21 24 26 29 30 33 37 39 41 44 48 49 58 64 68 76 77 78 79 89 99 102 107 110 111 112 115 121 124 140
2 3 26 28 29 46 64 67 110 118 119 131
7 10 12 13 16 17 18 21 24 25 26 28 29 33 34 35 36 37 44 64 83 87 88 103 104 106 107 115 116 121 124 139
3 4 5 7 10 13 17 25 26 30 36 40 41 42 44 53 68 83 87 102 103 105 106 107 110 114 116 134 139
5 24 28 29 30 37 41 44 46 58 89 94 103 104 106 107 110 111 113 116
4 5 13 16 17 18 21 30 34 39 42 46 48 49 58 78 79 87 88 89 103 104 106 114 134
0 7 10 12 17 24 25 27 28 31 32 35 46 60 63 64 67 76 85 87 88 89 90 97 100 102 104 105 107 110 111 115 116 117 118 120 121 124 131 134
0 3 5 7 9 10 12 13 16 17 18 19 21 24 26 29 30 32 33 37 39 44 46 48 49 55 56 58 60 62 64 68 69 89 103 104 106 127 133 134 135 139
0 2 5 12 25 26 29 30 32 34 35 41 64 89 99 102 103 104 105 106 107 110 116 118 122 139
5 10 39 40 41 44 79 89 104 114 127
0 4 5 10 13 16 21 33 34 37 43 46 58 68 79 87 114 124
7 10 24 25 27 34 36 39 40 44 46 48 50 60 61 62 63 64 69 71 75 79 82 84 85 88 89 94 100 103 105 106 110 111 115 116 118 121 122 124 130 134
10 18 29 30 64 89 103 104 106 107 114 139
0 3 4 5 13 17 18 21 28 29 30 31 32 33 34 35 36 37 39 41 42 44 46 51 58 60 64 68 71 75 78 79 83 84 87 89 94 105 110 111 116 122 124 139
3 5 7 10 12 16 17 18 20 21 26 29 33 34 39 44 46 48 49 51 60 62 63 67 68 69 71 78 79 83 84 87 88 94 97 105 110 118 119 121 122 124 125 128 132
4 10 25 28 33 39 58 62 79 89 102 104 110 114 127
3 4 5 10 13 17 21 26 30 32 33 37 46 58 62 68 104 110 114 127 134
3 4 5 7 13 16 17 18 21 28 29 30 31 32 33 34 35 37 39 46 48 49 58 59 60 61 62 67 68 84 89 102 103 106 107 110 111 113 115 121 123 124 126 132
2 3 5 10 12 18 19 24 32 38 39 41 44 48 49 64 67 68 69 74 79 83 84 89 104 105 110 111 114 115 124 127 130 131 132 135
0 3 5 10 12 16 18 24 26 30 38 39 41 44 68 83 89 104 114 115 131 132
4 5 7 10 12 13 16 17 18 21 26 30 31 33 37 40 42 46 48 58 60 62 89 100 110 114 124 132 134 139
0 3 4 10 12 13 17 21 24 25 26 27 28 29 30 31 32 33 34 35 46 47 48 49 55 56 63 64 66 69 71 78 83 87 91 92 98 100 103 104 107 110 116 121 122 124 127 139
0 2 3 4 5 7 12 13 17 24 25 26 28 29 31 32 33 34 35 36 46 47 48 49 55 56 64 66 67 68 69 74 76 83 87 91 92 94 98 100 103 104 107 110 116 121 122 124 125 132 134 139
3 10 13 24 37 41 48 60 75 79 87 88 102 104 106 114 116 127
6 7 8 10 12 13 14 15 17 18 21 25 28 33 34 37 39 46 58 62 68 71 79 87 103 104 105 106 107 110 111 113 116 121 122 124
17 18 20 25 26 36 39 42 46 48 55 56 83 84 89 107 114 115 116 131 134 139
3 4 29 30 31 34 41 44 58 89 102 114 116 121
0 2 3 4 5 12 13 16 17 18 21 25 26 29 33 34 35 36 37 39 40 41 58 60 62 63 64 67 68 69 74 76 78 79 84 85 86 87 88 100 102 103 104 105 107 110 111 115 120 121 122 124 125 131 132 134
0 3 5 8 10 12 13 16 17 18 21 25 26 28 29 30 33 34 35 37 41 44 46 50 51 52 53 56 58 63 64 65 68 83 89 94 97 100 102 105 109 110 111 113 120 124 129 134 139 142
4 5 10 16 24 33 39 42 46 51 61 62 68 75 89 110 111 113 114 134
4 5 16 23 33 36 39 42 46 62 89 104 110 113 132
3 5 8 10 13 17 26 30 34 35 45 46 50 53 56 58 60 63 67 68 81 83 84 89 103 104 106 107 114 115 124 134
7 10 17 26 34 41 60 63 68 78 100 102 103 105 106 114 115 116 121 124 132
3 4 5 10 24 26 34 39 79 83 87 88 102 106 107 114
4 13 16 18 19 21 25 30 33 35 37 41 58 64 66 68 87 103 104 106 114 115 124 127 142
0 5 13 16 17 18 21 25 33 34 37 46 58 60 64 78 79 83 84 89 114 121
3 4 6 10 11 15 16 19 21 24 25 26 27 28 30 32 33 34 35 36 39 40 44 47 49 55 56 57 59 63 64 67 68 75 77 79 85 87 91 92 94 98 100 102 103 104 105 106 107 110 111 115 116 121 124 129 131 132 134 137 139 142 143
4 5 7 13 16 17 18 21 25 28 30 32 33 34 35 37 39 41 42 44 56 58 60 64 68 71 72 75 79 89 115 128 132 139
3 4 5 10 12 16 17 18 25 26 29 30 33 37 41 45 48 51 58 60 62 63 64 68 69 71 84 89 100 102 105 107 111 113 114 115 116 120 139
0 3 4 5 7 10 13 16 17 18 21 26 30 37 41 42 58 60 64 79 83 89 99 100 103 104 106 114 121 124 129 139
10 40 42 46 60 77 78 79 83 87 88 103 106 110 111 129
3 4 5 9 10 13 16 17 24 25 26 28 32 34 35 37 46 48 51 53 56 58 59 60 62 63 68 81 83 84 89 97 104 105 106 107 110 115 121 124 134 139
3 4 39 46 87 88 114 139
3 5 7 13 14 16 18 21 25 28 29 30 32 34 35 39 46 48 58 60 62 64 76 78 79 87 89 102 103 104 106 107 113 114 115 131 134
3 5 6 10 12 17 21 24 25 26 27 28 35 36 37 41 43 44 46 63 64 67 68 75 83 84 87 91 92 97 98 100 102 103 104 107 110 111 112 115 116 120 121 124 130 139
3 5 6 9 10 12 13 21 25 26 28 31 35 36 37 41 43 44 46 63 64 67 68 81 83 87 88 91 92 97 100 101 102 103 104 107 110 111 112 115 116 117 120 121 124 134 139 142
7 14 25 26 28 29 30 33 34 35 39 40 46 60 63 68 71 78 83 84 102 106 107 114 115 116 127
3 17 46 104 114 124
25 29 33 34 35 41 44 89 103 106 107 114 115 116 131
3 4 5 7 12 13 16 17 18 21 25 26 28 29 30 33 34 35 37 39 41 48 58 60 62 63 64 67 68 69 78 79 87 99 100 105 110 116 124 125 127 132 134 139
0 2 3 4 5 6 10 12 13 15 16 17 18 21 24 25 26 27 28 29 31 32 33 34 35 37 39 44 47 48 50 52 55 56 57 58 59 60 61 62 63 64 67 68 75 79 81 83 84 85 87 89 91 92 94 98 102 103 106 110 111 115 118 119 120 121 122 123 124 127 129 133 134 137 139
4 5 17 18 24 26 28 29 39 41 44 46 60 79 89 103 104 106 107 110 111 113
5 10 24 25 27 28 29 31 32 34 35 36 37 42 46 50 51 63 83 87 91 102 104 106 107 110 111 113 115 116 117 124 128 142
0 4 10 16 17 18 21 25 26 28 29 32 33 34 35 37 39 44 46 48 55 58 59 60 63 64 68 78 83 87 94 99 100 102 103 105 106 107 110 111 112 113 115 116 121 124 130 134 137 139
4 5 10 12 13 16 17 18 21 26 30 33 34 35 37 39 40 42 44 46 53 55 56 67 68 78 79 80 87 94 102 103 105 106 107 118 121 122 124 129 130 132 139
13 16 21 33 35 37 39 41 44 58 87 102 103 106 110 111 113 121
3 4 13 17 21 30 34 35 36 37 41 44 68 79 114 139
2 3 4 5 7 9 12 16 18 21 23 25 26 28 29 33 34 35 37 39 41 48 60 63 67 68 75 78 79 87 111 130 132 133 134 139
5 10 13 17 18 21 30 37 39 40 46 58 114 134
3 4 5 7 10 12 13 16 17 18 24 25 26 28 29 32 34 35 37 41 44 48 58 63 64 89 100 104 116 124 131 132 139
5 10 12 13 16 17 18 24 25 33 34 36 37 41 42 44 49 58 87 88 92 100 102 106 107 114 115 116 121 122 124 132 134 139
4 7 12 16 17 18 24 25 26 27 28 29 30 31 32 33 34 35 37 39 40 44 46 48 51 58 60 62 63 64 66 67 68 71 75 78 81 83 91 92 98 100 102 106 110 111 115 116 121 124 125 127 132 134 139 142
3 5 7 12 16 18 25 26 27 28 29 30 33 34 35 39 40 44 46 48 49 58 60 62 64 66 67 68 71 91 92 98 102 106 110 111 115 116 124 135 139
3 4 7 10 17 18 24 25 26 28 30 31 33 34 35 39 40 41 46 48 60 64 67 77 79 89 102 103 104 107 110 115 116 134
4 7 10 16 17 18 21 26 30 34 37 39 46 48 49 60 68 74 78 79 81 87 113 114 130
3 4 5 9 13 15 17 21 31 32 33 42 46 48 49 58 62 99 103 104 106 107 114 115 116 117
3 4 13 16 17 18 21 25 28 29 30 33 34 35 37 46 50 58 60 63 64 110 114 115 122
10 26 35 46 67 87 97 105 107 113 114 116 129
2 5 6 10 12 18 19 21 24 25 26 28 31 32 33 35 37 39 44 46 48 59 60 76 79 84 85 86 87 99 100 101 102 103 104 106 107 110 111 112 113 115 116 117 123 124 138 140
0 5 6 10 12 16 18 21 25 26 28 31 32 33 35 37 39 44 45 46 48 59 68 71 76 80 84 85 86 87 94 97 98 99 100 101 102 103 104 106 107 110 111 113 115 116 117 119 121 122 124 130 131 134 138 141 142
4 13 16 17 18 21 24 28 30 33 34 35 37 41 42 44 55 58 64 66 79 89 103 104 106 107 115 124
3 4 10 13 18 24 25 26 28 29 34 37 39 41 48 51 55 62 63 64 67 68 89 94 104 110 114 115 116 124 130 131 134
3 10 12 16 24 25 26 29 30 37 46 58 60 62 63 64 87 104 114 124 127 131 132
10 12 16 25 26 29 30 37 39 46 58 60 62 63 64 67 68 71 79 87 94 97 100 104 105 114 124 136
2 7 25 33 34 44 64 76 87 88 98 100 103 104 106 107 110 111 115 116
3 4 5 10 13 14 16 21 25 26 28 29 32 35 37 41 58 76 92 102 107 115 116
3 4 13 24 41 42 44 50 89 102 114 116 122
3 10 13 30 46 60 87 104 106 107 114 133 134
4 10 13 14 16 17 18 21 25 26 28 30 32 34 35 36 37 41 43 44 76 87 98 102 103 104 106 107 110 111 113 115 116 121
4 5 10 12 13 16 17 18 21 24 25 26 28 31 33 37 39 51 52 53 58 61 64 68 71 89 96 110 111 113 114 122 124 127
0 3 4 5 12 16 18 19 21 24 26 28 29 30 32 34 35 37 41 44 48 55 56 63 64 66 78 79 83 89 94 98 103 107 110 115 116 127
5 10 21 30 37 39 42 44 56 60 63 64 87 88 89 91 92 94 102 103 106 107 110 111 113 114 115 116 121 130
3 4 5 9 13 21 26 28 29 30 32 33 34 35 36 44 46 47 60 64 83 89 102 103 104 105 106 107 115 116 124 132 134 139
3 7 10 12 25 26 41 60 62 76 78 89 90 100 103 106 107 110 114 122 131
7 10 17 21 25 26 28 30 31 32 33 35 40 42 44 59 64 76 100 102 106 110 111 113 120 121 124
6 10 26 32 42 46 58 89 104 107 110 114 127
0 1 3 4 5 10 15 16 17 18 21 25 26 28 29 33 34 36 39 41 55 56 62 64 66 67 68 83 94 99 100 102 103 105 106 110 119 121 124 127 132
1 2 5 10 12 16 18 21 24 25 26 28 32 33 35 37 39 41 55 56 63 64 68 75 98 102 103 105 106 107 110 115 116 121 124 125 132 139 142
0 3 5 12 13 16 17 18 21 24 25 26 28 29 30 32 33 34 35 37 46 51 56 60 62 64 70 74 94 96 100 110 111 118 121 122 124 129 130 131 132 139
0 3 4 37 41 44 48 58 75 81 83 84 85 89 104 114 120 124
3 4 10 16 18 21 24 27 29 33 37 43 46 58 83 87 97 105 107 110 114 121 122 134 139
3 5 24 26 46 104 114 116 127
4 13 37 78 79 89 104 110 114 128
3 12 26 40 42 46 64 87 102 103 104 106 107 114 115 116 121 139
13 16 18 21 24 25 28 29 30 32 34 35 37 48 49 55 60 62 63 64 89 102 103 104 106 107 114 116 138
3 14 17 21 25 26 27 28 29 30 35 41 44 45 46 56 64 68 87 89 101 102 103 104 106 107 110 115 116 134 139
4 13 17 21 25 26 28 29 30 31 32 33 34 35 37 41 46 63 64 68 76 89 102 103 104 106 107 113 115 121
4 10 13 16 17 18 24 25 29 30 32 33 37 43 46 58 60 63 64 76 79 87 107 110 114 116 139
5 16 24 25 26 28 30 32 35 37 39 40 41 42 44 49 55 56 63 64 68 71 76 78 79 87 88 91 96 101 102 103 104 106 107 115 116 121 122 124 134 139
3 4 5 8 10 12 13 16 17 18 21 28 29 30 32 33 37 41 43 44 51 58 68 76 78 83 87 97 98 100 101 102 103 104 106 107 110 111 115 124 134 139 140 141
3 4 10 13 18 29 30 37 42 46 48 58 60 79 87 88 89 100 103 106 114
0 7 16 21 39 41 43 44 60 83 84 85 89 114
2 5 24 25 27 28 29 33 35 36 39 41 63 87 88 89 92 100 102 103 104 106 107 115 116 118 121 122 125 130 132
0 3 5 6 7 8 10 12 17 18 24 25 28 29 32 34 35 37 39 45 46 59 63 65 81 83 84 85 86 87 105 107 110 111 113 116 121 124 134 137 139
4 10 13 21 25 26 28 30 31 32 33 34 35 37 41 42 44 45 59 64 68 87 88 89 91 102 103 106 110 111 115 116 121 122 124
3 4 5 10 13 17 26 30 33 37 41 44 45 58 62 64 68 83 89 102 103 104 107 113 114 116 118 120 124 134
5 7 10 13 16 17 18 21 23 24 25 28 29 30 31 32 34 35 37 40 41 42 44 48 49 53 58 59 60 61 64 68 72 74 76 84 102 106 110 111 113 115 121 124 126
4 7 10 11 12 16 17 18 22 25 26 28 29 32 33 34 37 44 46 55 59 64 76 87 88 100 102 103 106 107 110 111 112 113 115 116 119 121 130 137 139
0 5 10 13 16 26 42 58 87 94 99 114
3 4 13 16 17 18 21 24 25 26 28 29 30 32 33 34 35 36 37 39 41 44 46 58 60 63 64 68 77 81 83 89 91 92 102 103 104 106 107 110 115 116 121 124 134 139 142
2 3 4 5 7 13 16 18 21 25 26 28 29 33 34 35 37 39 41 55 58 62 64 68 77 78 79 89 105 107 115 121 124 134 139
0 3 5 8 23 24 26 31 32 33 46 60 62 64 67 68 71 74 75 78 94 97 105 110 111 114 116 118 130 132 139
2 3 4 10 16 18 21 37 39 42 46 64 68 78 79 101 104 105 114 118 121 124 132
3 16 17 18 29 35 46 83 102 103 104 106 107 116 134 139
3 44 46 60 71 79 83 84 89 102 106 107 114 115 116 134
6 12 13 18 24 25 27 28 30 33 34 35 37 39 41 58 60 63 78 79 87 89 100 102 106 107 114 121 139
4 13 16 17 18 21 24 25 26 27 28 29 30 33 34 35 37 41 44 58 60 64 68 89 102 104 106 110 114 115 116 121 124
4 7 13 14 16 17 18 21 25 28 29 30 32 35 39 41 44 48 55 58 60 62 63 68 77 78 79 89 102 104 115 128 139
3 4 7 11 13 16 17 21 24 28 30 31 32 33 34 35 39 48 49 58 60 62 63 64 68 76 89 101 102 103 106 107 114 116 121 124 138 139 140 142
0 15 34 41 44 87 88 102 110 111 113 115 124
2 5 13 16 21 28 29 33 41 44 62 87 113 114 130
5 25 26 28 33 39 44 46 47 64 79 89 98 102 103 104 106 107 115 139
0 3 4 5 8 10 12 16 18 21 25 26 28 29 31 32 33 34 35 36 37 39 44 46 48 49 55 59 63 64 65 68 69 71 75 78 85 89 94 95 96 97 103 105 107 110 111 113 115 118 122 124 127 129 130 132 134 135
4 5 10 13 17 18 21 25 28 29 30 33 34 35 37 39 46 48 60 68 71 83 88 89 98 103 104 106 107 110 111 114 134
0 1 6 10 12 16 44 46 60 62 64 87 103 110 111 113 115 124
0 1 5 7 12 16 19 25 26 28 29 33 34 41 51 62 64 68 69 71 89 97 102 103 106 107 110 116 118 128 132 135 139
7 39 41 43 44 60 62 71 75 78 79 81 83 84 89 114
7 10 21 26 39 40 41 43 44 60 62 68 78 79 81 83 84 89 114 132
5 10 16 17 21 25 26 28 29 32 34 40 41 46 51 53 55 58 60 62 63 64 67 68 77 79 87 89 92 96 98 102 103 104 105 106 107 110 111 115 116 120 121 124 127 128 129 130 139 142
10 13 17 21 22 24 25 26 27 28 29 30 31 32 33 34 35 36 40 41 44 46 50 51 55 56 58 63 64 67 83 87 89 92 98 102 103 104 105 106 107 110 111 115 116 120 121 124 134 139 142
0 5 7 12 13 16 17 18 21 25 27 28 33 34 35 39 41 48 58 60 62 63 64 68 89 102 103 106 107 110 115 116 118 121 124 125 130 134 139
3 4 5 10 13 16 17 18 25 26 28 30 33 34 41 44 50 58 68 83 87 97 99 100 102 103 104 106 107 110 111 112 113 115 121 124 132 134 136
3 4 5 7 10 13 17 18 24 34 41 44 46 58 60 83 87 88 114
4 7 12 17 21 25 26 27 28 32 33 39 42 45 46 58 59 63 64 76 98 100 102 103 104 106 107 110 111 113 115 116 120 121 122 124 129 139 142
3 5 10 13 16 18 25 28 29 34 41 44 58 63 64 66 104 106 114 115 116 139
3 5 10 13 16 17 18 24 26 30 32 35 37 41 60 62 63 64 68 74 76 79 83 84 89 98 100 103 104 106 110 114 116 139
0 3 4 5 7 10 12 13 16 17 18 21 26 29 30 33 37 39 46 48 49 55 56 57 58 60 62 63 64 68 69 89 104 106 132 134 139
16 21 24 25 28 29 30 32 33 35 37 39 46 48 49 55 57 60 62 63 78 79 83 103 106 110 111 114 139
3 12 16 18 24 25 28 29 33 34 39 41 44 46 49 55 57 66 102 103 104 106 115 116 124 134 139
4 6 13 17 18 21 28 29 31 33 39 44 55 56 58 62 64 79 89 107 114 115 116
0 2 4 7 16 18 33 34 37 39 41 48 49 58 67 68 69 71 74 75 77 78 79 83 84 85 89 90 93 95 96 97 105 106 110 124 129 130 131 134
6 25 28 29 30 32 35 39 44 47 48 56 59 64 89 101 102 103 104 106 115 129 139
6 10 25 28 29 31 32 35 37 39 44 47 56 59 64 68 79 89 101 102 103 104 106 110 115 121 139
3 4 13 17 18 25 29 34 35 37 41 44 46 68 89 103 105 106 107 114 116 124
4 12 16 18 26 28 33 41 46 55 58 68 75 78 79 89 103 106 107 114 116 127 139
0 3 5 22 25 26 28 29 30 33 34 35 40 44 46 64 75 83 89 92 107 111 113 121 134 136 139
3 4 5 7 13 16 21 25 29 31 33 34 37 44 49 55 58 60 62 64 67 68 76 87 88 94 100 102 103 104 106 107 114 116 133 134 139
3 10 12 16 17 24 25 26 27 28 29 33 35 37 41 44 48 58 64 78 103 105 114 115 116 121 139
4 5 7 10 12 13 29 31 34 35 37 39 46 53 60 64 67 68 70 74 87 88 94 97 105 107 110 111 113 114 116 124 127 130 132 134
5 10 17 21 25 27 28 30 32 35 37 41 46 55 60 64 68 87 102 103 104 106 110 111 112 113 115 116 124 134
0 3 4 5 24 25 28 29 30 32 34 35 37 41 44 51 56 58 64 89 102 103 106 110 111 113 115 116 121 125 127 131 132
4 13 16 18 21 27 28 29 30 31 33 37 39 46 56 58 59 60 62 63 83 103 104 110 111 112 113 121 124 138 139
3 13 17 21 25 28 29 30 32 33 34 35 37 41 56 58 68 78 89 102 107 114 116 124 132 139
0 2 5 7 10 13 16 17 18 21 24 26 28 29 33 34 35 37 39 44 46 48 49 55 58 60 62 64 68 69 78 79 83 89 105 110 114 121 122 124 133 134
2 4 6 12 13 16 17 18 21 25 26 27 28 32 33 34 35 37 46 60 62 64 68 76 85 87 88 89 96 97 102 103 105 106 107 110 111 118 121 124 134 138 139
3 4 5 7 9 13 21 25 26 28 29 30 32 35 39 46 48 55 57 58 60 62 64 68 72 78 79 102 110 114 115 116 117 125 134 139
13 21 29 34 41 44 79 107 110 114 124
0 3 4 5 7 10 11 12 16 18 24 25 26 28 33 35 39 41 44 45 47 48 60 63 64 72 76 79 87 88 92 102 103 106 107 110 111 113 115 116 117 121 124 134 138 142
3 12 13 14 16 17 18 24 26 28 29 30 31 34 35 37 41 60 62 63 64 92 98 115 116 121 122 124 133 134 139
3 4 5 10 13 17 21 24 25 26 28 29 30 33 34 35 37 41 44 45 46 58 60 63 64 66 84 100 102 110 111 115 116 122 124 127 132 134 139
2 3 5 7 10 12 17 24 26 27 28 29 30 34 35 39 44 46 48 58 60 62 63 64 66 67 68 79 85 98 108 110 111 115 116 121 122 124 129 132 134 139 142
3 7 10 13 18 24 28 30 34 37 39 41 42 44 46 58 60 63 68 69 78 79 81 83 84 107 114 116 121 124 125 134 139
3 7 17 21 33 41 46 60 81 83 84 104 110 111 114
5 12 16 17 18 24 25 26 28 29 30 33 34 37 41 42 44 53 58 87 89 104 107 114 115 116 121 124 139
0 4 10 13 17 21 37 41 44 46 50 52 58 60 61 62 67 68 83 105 110 114 139
4 10 17 18 25 33 39 41 44 58 64 68 79 89 101 104 114 115 134
3 4 6 16 17 18 21 24 25 30 34 35 46 57 58 64 81 83 84 85 89 107 114 124
3 7 10 16 17 22 25 28 29 30 32 33 34 35 39 44 46 47 58 59 64 68 77 79 89 102 103 107 110 114 115 116 121 124 134 139
10 13 24 25 28 40 41 42 44 48 58 68 71 87 98 102 103 104 106 110 113 115 116 124 131 132 134
5 10 18 37 41 44 59 60 64 87 91 92 98 102 103 104 106 107 111 113 114 115 139
3 35 39 62 89 103 104 106 107 114 116 131 134 139
3 10 12 16 17 18 23 30 39 42 46 58 62 63 64 79 83 84 89 93 102 103 107 110 114 119 124 127
0 6 10 12 17 39 46 48 49 59 87 105 110 111 113 121 123 124 127 139
3 4 5 10 12 16 18 24 26 28 29 30 31 32 35 46 60 62 63 64 67 78 79 83 84 89 98 100 102 103 104 105 110 114 115 116 119 122 127 129 139 142
4 12 16 18 24 26 28 29 30 31 35 39 46 48 60 83 84 89 92 98 100 102 103 104 110 114 115 122 134 139
4 7 12 13 16 17 18 20 21 25 26 27 32 33 34 37 39 41 48 49 58 60 62 64 67 68 71 76 78 79 89 94 97 100 102 103 104 105 106 107 110 111 113 115 121 124 139
0 7 10 18 24 37 39 41 48 60 62 68 69 77 79 83 89 100 104 107 114 124 131 134
4 12 18 24 46 58 100 104 107 110 114 132
4 13 16 17 18 21 30 33 39 42 46 58 60 78 79 87 88 94 102 107 110 114 115 116 122 134
2 5 10 21 24 25 28 29 30 31 33 35 36 37 41 44 46 56 63 68 74 83 87 88 102 114 124 130 134 139
3 4 13 17 39 41 44 48 60 62 78 79 89 102 114 116 124
3 5 7 10 13 17 21 24 28 29 30 31 32 33 34 35 37 46 48 51 56 58 60 63 64 68 71 77 89 97 102 103 105 106 110 116 121 124 132 133 134 139
3 4 6 7 16 21 25 28 29 32 33 35 46 48 60 64 68 79 87 89 101 102 103 106 107 110 111 115 137
3 10 12 17 32 39 41 44 60 64 69 70 89 114 115 116 124 130
0 3 4 5 6 7 10 11 12 15 16 17 18 20 21 25 26 27 28 29 30 32 33 34 35 36 39 40 41 42 44 45 48 49 55 56 58 59 60 61 62 63 64 68 73 74 75 76 79 82 83 84 86 87 88 94 96 97 98 99 100 102 103 105 106 109 110 111 113 120 121 123 124 125 128 133 134
10 17 28 29 33 35 46 58 67 68 114 127 134
3 4 5 12 13 17 21 24 25 26 27 29 30 35 36 37 41 58 60 64 66 67 74 81 83 87 103 104 106 114 115 116 121 122 125 127 130 139
3 4 5 12 18 24 28 29 33 34 37 39 42 46 60 68 79 87 88 99 100 107 110 111 115 122 124 134 138
3 10 34 39 46 64 68 79 89 102 104 107 110 114 116 139
0 10 18 24 29 34 42 46 58 60 68 69 87 110 114
0 2 4 5 7 12 13 16 17 18 21 24 25 26 28 29 30 32 34 35 36 37 39 41 44 45 55 58 63 64 66 68 75 79 83 87 88 94 96 99 100 102 103 104 106 107 110 111 113 115 116 118 120 121 124 139
3 4 13 16 18 21 32 34 35 41 44 57 68 69 79 87 89 102 103 106 107 114 134 139
4 10 13 18 26 30 37 39 41 44 60 64 67 68 78 83 89 97 100 104 110 115 124 134
4 13 16 17 18 21 25 28 29 30 33 34 35 37 39 41 48 58 64 68 71 73 78 84 89 100 102 103 104 106 107 115 116 134 139
3 4 10 13 15 16 17 18 21 22 28 29 30 32 33 34 35 37 41 42 55 56 57 58 60 63 83 89 102 103 104 105 106 107 110 115 116 121 122 124
4 37 39 41 44 60 68 79 87 88 104 114 134
3 7 10 12 18 21 24 33 34 41 58 75 94 103 104 114 115 116 129 139
0 1 3 7 10 13 17 39 48 49 60 62 67 78 79 83 89 114 118
39 41 42 44 83 89 104 114 135 139
3 4 10 13 16 30 39 42 58 62 77 79 81 83 84 85 86 114 131
2 3 4 5 7 9 10 12 16 18 21 23 24 26 28 30 31 32 33 34 35 37 39 41 44 48 49 51 55 56 60 62 63 64 67 68 71 87 89 100 101 103 105 106 107 110 122 124 131 134
0 3 6 7 8 10 12 17 19 21 24 25 26 28 29 30 31 32 35 36 37 39 44 46 48 59 60 62 63 64 67 68 75 76 78 79 87 88 91 92 94 100 102 103 105 106 110 111 112 113 115 117 118 121 122 124 127 130 132 134 135
5 7 10 12 16 25 26 30 39 46 58 60 62 68 78 79 83 87 88 94 97 104 110 114 116 118 127 132
3 4 5 10 12 16 17 25 26 28 30 33 34 39 46 58 68 87 88 102 104 105 107 114 116 124 127
3 5 7 10 12 13 16 18 24 25 26 29 30 37 39 44 46 48 58 60 62 68 71 78 79 97 114 132
7 13 18 39 42 47 60 62 67 78 79 102 103 106 111 113 114 134
3 9 10 12 16 18 25 26 28 29 30 33 34 36 39 44 55 63 68 89 96 100 102 103 106 107 110 115 116 117 124 139 142
3 4 5 9 10 13 18 19 21 30 31 33 36 37 41 44 53 55 56 58 63 64 68 81 83 84 94 100 104 105 107 114 115
4 5 10 13 16 17 18 21 24 25 27 28 29 30 33 34 35 37 41 44 45 46 48 58 60 62 64 66 89 102 104 107 110 111 115 124 134
3 4 10 13 16 17 18 19 21 24 26 28 29 30 32 33 34 35 37 41 42 44 55 58 60 64 67 88 89 92 99 100 102 104 106 107 115 121 132
25 28 29 30 33 34 35 41 44 64 89 103 106 107 114 115 116 125
3 8 13 17 21 26 28 29 30 31 32 33 34 35 36 37 39 40 42 46 48 49 64 76 89 91 100 101 102 103 104 106 111 113 115 121 139
4 17 21 30 37 39 40 46 68 81 83 84 85 86 103 104 106 110 114 115 129
3 5 10 13 17 25 26 28 29 30 32 34 35 46 48 53 58 60 63 64 66 68 74 83 87 91 92 97 98 102 103 104 105 106 110 111 115 116 121 122 123 124 125 132 134 139
3 4 5 7 10 13 16 17 18 21 24 26 29 30 34 35 37 39 41 44 58 62 63 64 68 76 89 101 103 104 107 110 116 139 141
34 39 43 58 67 68 78 79 87 104 114 124 139
0 1 5 41 44 59 83 87 89 100 102 114 131
3 4 5 7 16 17 18 21 24 25 28 29 30 32 34 35 36 37 44 46 58 59 62 63 64 68 84 85 86 87 89 100 102 103 115 116 127 134
3 4 12 13 16 17 18 21 26 33 34 36 37 41 58 63 64 67 83 88 89 98 102 106 110 114 115 124
4 5 10 12 13 16 17 18 26 28 37 39 41 44 58 62 63 69 107 114 124 131
2 4 10 12 13 16 17 18 21 34 44 59 62 68 89 100 102 103 105 114 115 116 121 124 127
3 4 5 10 16 17 18 19 21 24 25 26 28 29 30 33 34 35 36 37 39 40 44 46 53 67 68 70 75 89 91 92 98 100 105 113 120 121 122 132 134 139
17 21 25 28 29 32 37 46 60 76 79 87 91 102 106 107 110 115 139
3 4 18 21 24 25 28 29 30 32 33 34 35 41 44 46 58 64 89 92 103 106 107 114 115 116 124 139 141
2 4 5 7 16 18 19 21 23 24 25 26 28 29 30 33 34 35 37 39 41 42 44 58 60 62 63 64 67 68 69 71 74 83 87 88 89 94 95 102 103 104 106 110 111 115 116 119 121 122 124 130 134 138
7 10 16 17 21 25 26 28 29 33 34 39 41 44 58 60 62 64 68 76 89 102 103 104 106 107 111 115 116 124 127 139
0 3 4 5 10 13 16 18 21 37 40 44 46 58 68 79 87 88 114 139
0 1 10 13 17 18 21 26 30 41 43 44 58 62 87 100 103 106 107 113 114 116 124
3 4 5 10 12 13 16 17 18 21 24 26 29 30 31 32 33 34 35 36 37 40 41 44 46 53 56 58 60 62 64 68 74 75 81 83 87 98 99 100 102 104 106 110 111 113 115 120 121 124 132 134 139
3 4 5 10 13 16 17 18 21 24 26 29 30 31 32 33 34 35 37 40 41 44 46 52 58 60 62 64 68 83 84 87 97 99 100 102 104 106 110 111 113 115 121 122 124 134 139
5 13 25 34 41 60 100 102 105 106 114 134
3 5 7 10 12 16 17 24 25 26 28 29 30 32 34 35 40 44 46 48 60 62 68 83 92 103 105 115 116 121 124 129 134 139
10 12 39 46 81 110 114 119
4 5 13 17 18 30 33 34 37 41 64 71 87 102 106 107 110 114 121 122
3 4 7 12 13 23 25 26 27 28 29 30 31 32 34 35 36 39 42 44 58 62 63 64 67 68 69 74 89 90 97 98 102 103 105 106 110 113 116 121 124 126 132 139
3 4 7 12 13 16 24 25 26 28 29 30 31 32 34 35 36 42 44 48 49 60 63 64 67 68 71 98 102 103 106 110 113 116 132 139
2 3 4 19 25 26 28 29 30 35 39 48 54 55 56 58 60 67 68 73 74 78 81 83 89 94 100 101 102 104 107 110 114 115 118 121 124 131 132 134
4 12 13 16 17 25 28 29 35 37 39 54 55 58 62 89 100 102 104 107 110 114 115 122 124
5 10 13 30 35 43 46 60 87 104 107 114 124 134
3 13 34 35 37 46 83 89 102 104 107 114 115 116
3 4 5 7 16 17 18 21 22 24 25 26 28 29 30 34 35 36 37 39 41 44 46 48 58 59 60 62 63 64 68 87 102 106 115 121 122 124 127 129 139
3 7 21 24 32 37 39 46 48 55 56 60 62 78 79 87 94 102 104 110 111 113 114 121
