3 4 5 14 17 18 19 22 26 27 28 29 30 31 33 34 36 38 42 44 46 50 58 60 62 66 68 70 71 75 91 105 108 110 118 120 125 129 133 134 140 143 154 161
5 6 10 18 19 33 38 42 46 60 102 120 124 128
3 4 5 7 13 22 26 27 28 29 30 31 34 36 37 38 42 44 46 48 50 51 57 62 64 65 66 87 91 92 105 118 120 122 125 133 134 135 140 141 154 161
3 5 14 18 19 22 27 28 30 31 34 36 42 44 46 48 50 51 62 66 68 70 75 91 105 118 120 122 125 133 134 140 148 154 161 165
3 4 5 8 9 10 13 16 17 18 25 26 27 28 29 30 32 34 35 36 42 46 48 55 60 65 66 69 70 102 103 120 121 122 123 124 125 128 129 133 134 140 141 143 144 161
7 14 19 22 30 31 34 35 36 42 46 48 64 70 91 105 121 124 125 132 134
5 7 10 14 18 19 20 27 31 33 39 40 42 46 50 51 60 62 64 69 70 73 75 76 77 79 80 82 83 102 103 105 112 114 115 118 120 121 122 124 125 128 129 131 132 137 138 140 143 151 154 161
0 4 5 7 13 14 17 18 19 22 26 29 30 31 34 35 36 38 40 42 50 58 60 62 63 64 65 66 70 71 73 80 82 105 107 118 122 125 128 133 140 143 151 156 161
19 22 30 42 46 48 60 105 122 125 132 149
0 5 13 14 42 46 57 58 60 66 70 102 120 121 122 124 128 129 131 132 133 143 150 161 164
0 3 4 5 10 13 17 18 19 20 22 24 26 27 29 30 31 32 34 35 36 39 40 42 44 61 62 63 64 66 70 71 77 78 108 110 112 115 117 123 124 128 131 137 142 148 149 151
4 13 17 18 19 22 26 27 28 29 31 33 34 35 36 38 48 57 60 62 66 70 73 82 105 120 121 122 124 133 134 141 143 161
3 4 5 7 10 14 17 18 19 22 25 27 29 30 31 34 36 38 40 42 46 51 60 61 62 64 70 91 105 120 121 122 124 132 134 143
29 30 31 35 36 38 48 57 120 121 122 124 125 128 129 131 140
4 5 7 10 14 18 19 29 31 35 38 41 48 82 105 120 122 123 124 125 132 133 134 140 154
4 5 29 30 31 35 36 46 48 78 105 120 121 122 132 133 149 161
0 2 5 10 26 27 42 60 66 69 73 91 92 102 103 105 112 117 118 121 122 123 124 125 132 134 143 146 154 161
3 5 7 13 19 25 28 30 32 33 34 35 36 40 66 82 91 105 121 124 126 134 146 161
3 4 5 10 14 17 18 19 22 25 26 27 29 30 33 34 35 36 38 40 42 46 60 62 66 69 70 82 102 108 110 120 121 122 124 133 134 140 141 143 144 154 163
3 4 5 14 17 18 19 22 30 31 34 36 37 40 41 42 46 58 60 65 70 82 105 120 122 125 128 129 130 133 135 140 143
5 10 14 105 128 132 143
0 5 10 14 18 25 38 42 46 70 71 82 87 91 92 105 122 125 132 134 143
3 5 7 10 14 17 19 22 25 26 29 30 31 33 34 35 36 40 41 42 46 53 55 70 73 102 118 120 127 128 129 139 143 144 147 151 154
10 14 31 38 41 46 48 60 62 70 102 132 154 161
4 5 14 17 22 25 26 27 29 30 31 32 33 34 35 36 37 38 40 42 46 47 48 57 60 62 66 69 70 87 91 105 121 124 125 133 134 143 151 154
3 4 14 18 19 22 30 31 34 35 36 38 40 48 50 60 62 64 78 80 82 105 118 120 124 125 132 133 134 154 161
3 4 5 10 13 14 15 17 18 19 20 22 25 26 27 29 30 31 34 35 36 38 39 42 44 53 55 60 65 66 69 70 71 91 105 117 118 123 128 140 143 144 146 151 161
3 4 10 17 18 19 26 27 29 34 35 38 40 41 42 44 46 48 60 62 64 67 69 70 73 82 87 91 92 94 102 106 118 125 128 129 133 134 140 143 151 157
2 3 4 7 17 18 22 26 27 40 42 46 57 62 66 78 102 103 105 116 121 122 123 124 125 128 129 131 133 141 143 161 164
7 8 10 13 17 26 27 29 34 46 66 129 134 141 143
5 10 26 27 42 69 70 76 77 86 92 94 98 99 101 102 104 105 106 108 109 111 112 114 115 116 118 120 121 131 132 149 150 165
4 5 7 9 12 13 14 15 17 18 19 22 24 26 27 29 30 31 32 33 34 35 36 37 38 40 48 50 56 57 58 60 62 64 65 66 68 70 73 76 77 82 105 110 116 120 121 123 124 125 128 133 134 135 137 140 143 150 161
0 4 5 7 13 17 18 19 22 27 30 31 33 34 38 40 42 46 50 51 60 64 65 66 70 73 78 79 80 82 105 108 110 117 118 120 123 125 128 129 133 134 135 140 143 150 151 153 154 161 162 163
3 4 19 26 29 31 33 35 36 40 48 70 102 110 120 122 125 131 132 134 143
25 42 44 121 122 124 128 129 132
0 2 7 10 13 22 25 26 30 33 34 36 38 46 61 65 67 68 69 70 77 78 82 102 112 114 115 116 120 121 122 123 124 125 128 129 131 133 134 143 149
4 5 7 10 14 17 18 19 22 27 28 29 35 36 38 44 46 48 60 63 64 65 70 78 91 92 105 122 125 128 131 133 134 140 144 154 161
4 5 10 14 33 40 42 45 46 60 65 70 102 103 120 121 122 124 125 128 129 131 133 135 140
2 4 5 7 10 13 17 18 19 27 31 34 35 40 48 64 65 66 71 77 91 92 105 106 112 115 121 122 124 125 132 134 137 143 144 151
4 5 7 13 17 18 19 22 25 26 27 29 30 33 34 35 36 37 38 40 48 60 62 64 65 66 70 78 105 116 121 128 129 133 134 137 140 143 149 157 161
0 13 14 26 27 40 42 46 50 92 93 94 105 120 121 124 125 128 129 131 134 161
3 5 18 22 26 29 30 31 34 35 36 46 65 66 70 78 102 110 116 119 120 121 122 124 125 128 133 134 140 154 163
0 3 4 13 17 18 26 27 29 34 37 39 42 50 51 56 60 65 66 69 70 76 80 82 94 102 112 113 114 120 121 124 128 129 138 143 146 149 150 151 157 161
0 3 4 5 7 10 13 17 18 19 22 25 27 34 35 38 40 48 50 51 60 62 63 64 69 70 73 77 79 80 82 91 92 105 112 113 115 121 123 124 128 132 146 151
0 2 4 5 13 14 17 18 19 22 25 26 27 29 30 34 36 38 40 48 50 58 60 66 70 73 80 82 91 92 93 105 112 115 123 125 128 129 133 134 137 140 141 144 146 147 149 153 154 161
2 3 4 5 7 13 14 17 18 19 22 26 27 28 29 30 31 33 34 35 36 38 48 57 60 62 65 66 91 92 105 118 120 121 124 125 133 134 161
3 5 14 17 18 19 22 27 28 29 30 32 35 36 38 48 57 58 60 62 65 66 91 92 113 118 120 122 125 134 157 161
0 1 10 14 16 17 18 20 22 34 38 40 42 46 60 61 62 64 70 79 91 102 120 122 132 143 154
0 1 5 10 14 17 18 22 25 34 38 42 46 60 61 62 64 70 91 102 120 132 143 154
3 5 10 17 18 19 22 26 27 29 30 31 34 35 36 38 42 46 50 53 60 62 65 66 68 78 91 92 102 105 116 121 124 125 133 134 137 143 163 164
4 7 9 17 22 26 29 30 31 34 44 46 50 51 62 64 66 68 70 73 77 82 102 105 115 120 121 123 125 128 129 133 134 143 160 161
3 4 5 14 18 22 31 34 35 36 38 42 46 60 87 91 92 122 132 134 141 143 146 154 161
17 18 19 22 26 27 29 30 34 35 42 60 65 66 80 105 118 121 125 128 134 143 150 161
3 5 7 10 12 14 18 19 26 27 28 29 30 31 32 33 36 40 46 48 49 50 60 61 62 63 64 66 67 70 118 120 125 133 134 140 141 143 154 161
4 5 14 18 19 22 27 29 30 31 33 34 35 36 38 42 46 48 50 60 105 108 110 116 121 122 124 133 134 154 161
19 26 27 34 35 36 37 40 42 48 50 60 61 79 80 82 92 93 132 133 134 149
3 4 7 9 14 18 22 26 27 29 30 31 32 33 35 36 37 38 39 40 42 46 48 50 57 62 64 66 70 77 80 105 116 118 119 120 121 122 124 125 128 129 131 133 135 140 141 143 144 146 154 161 162 163
4 5 7 14 17 18 19 22 25 27 29 30 31 33 34 35 36 38 40 48 58 60 62 66 69 70 71 75 82 91 92 110 120 133 134 143 154 161 165
3 7 14 26 28 29 30 31 34 35 36 40 48 60 62 64 70 105 120 124 125 133 134 143 146 154 161
3 6 7 10 13 17 18 22 26 27 31 40 48 50 51 60 62 64 65 66 69 70 80 82 102 103 108 120 121 122 124 128 129 130 131 140 143 154
3 4 13 17 18 19 20 22 24 25 26 27 29 30 33 34 35 36 38 40 42 46 48 49 50 51 60 63 65 66 69 70 73 78 80 102 110 112 115 116 118 120 121 123 124 125 128 133 134 140 141 143 145 146 148 151 154 158 161 164
5 14 31 48 105 132
5 10 14 17 18 19 25 27 31 34 36 38 40 42 50 51 57 64 69 70 76 78 90 91 105 116 117 118 121 122 123 124 132 133 134 138 161
4 10 14 17 29 34 35 36 42 62 66 105 121 122 124 125 132 134 141 161
3 4 7 13 17 19 20 22 25 26 27 29 30 31 34 35 36 37 40 42 46 48 50 51 55 57 61 62 64 65 66 70 102 103 105 120 121 122 124 125 133 134 143 151 154 161
5 10 12 16 17 18 19 25 26 27 28 31 37 38 40 44 48 57 62 63 64 65 66 76 79 80 81 82 105 112 116 118 122 123 125 132 134 143 144 151 153 154 161
0 40 52 65 105 122 132 161
7 10 25 40 62 70 73 80 82 105 118 122 123 132
6 13 14 18 26 30 35 36 42 60 82 102 103 105 120 121 124 125 132 134 161
13 27 29 34 125 132
4 5 10 14 17 19 22 26 30 31 33 34 35 36 40 42 44 46 58 62 64 65 78 80 102 103 120 121 122 124 125 128 129 131 133 154
3 4 7 14 17 18 19 22 30 31 35 38 46 50 60 62 70 80 82 102 103 105 120 121 122 124 132 133 134 154 161
3 4 5 14 18 22 32 38 40 42 44 46 48 60 70 79 82 102 103 118 120 121 132 133 134
0 4 5 10 13 17 18 26 30 34 40 42 57 65 70 102 103 105 110 119 120 121 122 124 125 133 134 140 155
4 5 14 38 48 87 90 91 92 95 102 103 122 132 134 141 143
4 10 14 15 17 22 26 27 28 29 30 31 33 34 36 48 62 65 66 70 91 93 118 121 122 128 129 131 140 143 160 161
3 7 14 19 25 30 37 38 40 48 50 58 61 62 64 66 71 78 82 102 118 120 121 124 125 132 133 134
3 5 10 14 18 19 31 36 38 42 46 60 82 108 132 134
3 26 28 32 33 44 47 48 61 65 66 68 69 75 80 82 120 121 122 124 125 128 129 131 133 140 143 154
0 3 6 7 10 12 13 14 16 17 18 19 21 22 25 26 27 28 29 30 31 33 34 35 36 37 38 40 41 42 44 46 47 50 51 56 57 58 59 60 61 62 63 64 66 77 78 80 92 102 103 112 114 116 117 118 120 121 122 123 124 125 128 129 140 142 143 149 153 154
3 4 5 7 14 19 22 26 30 31 33 34 35 36 46 60 62 70 103 105 116 118 120 121 122 124 128 131 134 143 145 154 161
4 5 10 13 17 19 22 25 27 30 31 34 36 38 42 46 51 57 60 61 62 66 68 71 77 78 105 116 120 121 122 124 125 132 133 134 154
3 5 19 22 26 27 29 30 31 33 34 35 36 42 46 58 62 66 68 70 80 93 102 105 116 120 121 123 124 125 128 133 134 137 143 149 151
4 5 14 26 29 30 31 32 33 35 36 42 46 57 62 66 120 121 124 125 133 134
3 4 7 17 19 22 33 34 38 40 48 60 62 64 79 80 82 91 102 132 143
3 17 22 30 31 38 48 50 51 60 62 128 132
0 3 4 5 8 9 10 13 14 17 18 19 22 25 27 29 30 31 32 33 34 35 37 38 40 42 46 50 51 53 55 57 58 60 62 64 65 66 68 69 76 77 83 91 92 116 117 118 122 123 125 128 133 134 137 141 146 151
12 26 27 29 30 31 34 35 36 37 40 42 46 50 51 58 60 66 91 105 116 118 121 122 124 125 133 134 140 143 161
5 7 13 16 26 27 29 30 31 34 35 36 40 42 46 50 51 60 66 82 105 121 122 124 125 133 134 143 161
2 7 17 22 25 26 27 29 30 31 34 35 36 42 46 47 48 62 66 78 82 102 103 108 112 120 121 122 123 127 128 129 131 133 134 143
5 14 31 44 48 105 122 124 132 161
0 5 7 8 10 13 17 25 26 27 28 34 36 37 38 40 41 42 44 46 47 50 51 57 65 66 69 70 78 93 105 112 115 117 118 119 120 121 122 123 124 125 128 129 133 134 135 137 140 143 151 154
5 10 13 14 17 18 26 27 29 31 35 38 41 42 46 60 62 64 69 87 91 92 118 128 132 142
3 7 10 13 17 19 26 27 32 48 62 64 65 66 70 102 118 122 132
0 2 3 4 13 17 20 22 24 35 38 40 48 53 54 60 63 64 65 67 69 70 76 77 99 106 111 112 113 115 118 128 136 137 146 147 148 149 150 151 157
3 5 7 10 13 14 16 17 18 19 22 25 26 27 28 29 34 35 36 37 38 46 60 70 102 110 120 121 124 125 128 129 131 133 134 139 140 143
3 14 30 35 38 42 91 102 122 132 154
3 6 7 8 10 18 22 25 29 30 31 32 33 36 37 38 40 46 48 50 51 61 62 64 65 66 69 70 78 80 82 87 94 102 108 110 118 120 121 122 124 128 129 131 133 140
5 7 14 17 18 19 22 30 31 33 34 36 38 42 46 50 58 60 62 64 66 105 108 110 121 122 124 125 132 133 134 161
0 3 5 7 9 10 13 14 17 18 19 20 22 25 27 33 35 38 48 53 54 60 64 65 91 92 102 115 116 122 126 128 132 133 143 146 154
3 4 5 7 10 14 17 18 19 22 25 26 27 29 30 31 32 35 42 44 46 51 60 66 70 75 87 90 91 92 125 134 143 144 154
3 4 6 13 16 17 18 22 26 27 29 30 31 33 34 36 37 40 46 48 53 65 66 67 70 73 78 80 82 102 103 105 108 110 118 120 121 122 124 125 128 129 134 147 151 157 160 161
0 3 6 7 13 15 16 17 18 22 26 27 29 31 32 33 34 36 37 40 47 48 57 58 64 65 66 70 73 78 80 82 87 91 92 102 103 105 108 110 115 117 118 120 121 122 124 125 128 129 133 134 135 137 138 150 151 154 159 160 161 162
4 10 14 15 19 33 36 42 78 102 120 121 122 124 129 131 133
7 10 14 17 22 40 48 54 62 64 69 80 82 91 102 122 132 143 151
3 4 10 13 17 18 26 27 31 34 35 46 48 60 65 70 78 102 105 118 120 121 122 125 134 143 146 161
3 4 5 14 19 30 40 41 42 46 79 80 82 102 118 122 132 133 143 154
3 4 10 27 40 46 48 60 91 102 132 146
3 4 14 22 30 36 44 48 69 73 91 102 121 124 132 133 135 149
0 5 7 13 14 17 19 26 27 29 34 35 36 38 42 49 66 120 121 122 124 128 129 133 134 140 143 161 162 163
0 1 4 5 19 25 42 45 46 64 70 71 102 121 124 125 131 132
3 5 9 10 13 14 24 25 27 33 35 40 48 60 62 64 71 76 91 114 115 116 121 122 126 128 132 133 143 146 149 154
3 4 5 7 13 14 17 18 19 22 25 27 30 31 34 38 40 42 46 50 51 60 66 70 78 79 80 82 105 117 120 125 128 129 130 133 140 143 162
2 3 27 29 30 48 66 69 128 137 138 150
7 10 13 14 17 18 19 22 25 26 27 29 30 34 35 36 37 38 46 66 91 102 103 121 122 124 125 133 134 140 143 161
3 4 5 7 10 14 18 26 27 31 37 41 42 44 46 55 70 91 102 120 121 123 124 125 128 132 134 154 161
5 25 29 30 31 38 42 46 48 60 105 112 121 122 124 125 128 129 131 134
4 5 14 17 18 19 22 31 35 40 44 48 50 51 60 80 82 102 103 105 121 122 124 132 154
0 7 10 13 18 25 26 28 29 32 33 36 48 62 65 66 69 78 93 102 103 105 106 115 118 120 122 123 125 128 129 133 134 135 137 139 140 143 150 154
0 3 5 7 9 10 13 14 17 18 19 20 22 25 27 30 31 33 34 38 40 46 48 50 51 57 58 60 62 64 66 70 71 105 121 122 124 146 153 154 156 161
0 2 5 13 26 27 30 31 33 35 36 42 66 105 117 120 121 122 123 124 125 128 134 137 141 161
5 10 40 41 42 46 82 105 122 132 146
0 4 5 10 14 17 22 34 35 38 45 48 60 70 82 102 132 143
7 10 25 26 28 35 37 40 41 46 48 50 52 62 63 64 65 66 71 73 77 82 90 92 93 103 105 112 118 121 123 124 128 129 133 134 137 140 141 143 149 154
10 19 30 31 66 105 121 122 124 125 132 161
0 3 4 5 14 18 19 22 29 30 31 32 33 34 35 36 37 38 40 42 44 46 48 53 60 62 66 70 73 77 80 82 91 92 102 105 112 123 128 129 134 141 143 161
3 5 7 10 13 17 18 19 21 22 27 30 34 35 40 46 48 50 51 53 62 64 65 69 70 71 73 80 82 91 92 102 103 112 115 123 128 137 138 140 141 143 144 147 151
4 10 26 29 34 40 60 64 82 105 120 122 128 132 146
3 4 5 10 14 18 22 27 31 33 34 38 48 60 64 70 122 128 132 146 154
3 4 5 7 14 17 18 19 22 29 30 31 32 33 34 35 36 38 40 48 50 51 60 61 62 63 64 69 70 92 105 120 121 124 125 128 129 131 133 140 142 143 145 151
2 3 5 10 13 19 20 25 33 39 40 42 46 50 51 66 69 70 71 76 82 91 92 105 122 123 128 129 132 133 143 146 149 150 151 156
0 3 5 10 13 17 19 25 27 31 39 40 42 46 70 91 105 122 132 133 150 151
4 5 7 10 13 14 17 18 19 22 27 31 32 34 38 41 44 48 50 60 62 64 105 118 128 132 143 151 154 161
0 3 4 10 13 14 18 22 25 26 27 28 29 30 31 32 33 34 35 36 48 49 50 51 57 58 65 66 68 71 73 80 91 102 108 110 116 118 121 122 125 128 134 140 141 143 146 161
0 2 3 4 5 7 13 14 18 25 26 27 29 30 32 33 34 35 36 37 48 49 50 51 57 58 66 68 69 70 71 76 78 91 102 108 110 112 116 118 121 122 125 128 134 140 141 143 144 151 154 161
3 10 14 25 38 42 50 62 77 82 102 103 120 122 124 132 134 146
6 7 8 10 13 14 15 16 18 19 22 26 29 34 35 38 40 48 60 64 70 73 82 102 121 122 123 124 125 128 129 131 134 140 141 143
18 19 21 26 27 37 40 44 48 50 57 58 81 91 92 105 125 132 133 134 150 154 161
3 4 30 31 32 35 42 46 60 105 120 132 134 140
0 2 3 4 5 13 14 17 18 19 22 26 27 30 34 35 36 37 38 40 41 42 60 62 64 65 66 69 70 71 76 78 80 82 92 93 94 102 103 118 120 121 122 123 125 128 129 133 139 140 141 143 144 150 151 154
0 3 5 8 10 13 14 17 18 19 22 26 27 29 30 31 34 35 36 38 42 46 48 52 53 54 55 58 60 65 66 67 70 91 105 112 115 118 120 123 127 128 129 131 139 143 148 152 154 161 164
4 5 10 17 25 34 40 44 48 53 63 64 70 77 105 128 129 131 132 154
4 5 17 24 34 37 40 44 48 64 105 122 128 131 151
3 5 8 10 14 18 27 31 35 36 47 48 52 55 58 60 62 65 69 70 87 91 92 105 121 122 124 125 132 133 143 154
7 10 18 27 35 42 62 65 70 80 118 120 121 123 124 132 133 134 140 143 151
3 4 5 10 25 27 35 40 82 91 102 103 120 124 125 132
4 14 17 19 20 22 26 31 34 36 38 42 60 66 68 70 102 121 122 124 132 133 143 146 164
0 5 14 17 18 19 22 26 34 35 38 48 60 62 66 80 82 91 92 105 132 140
3 4 6 10 12 16 17 20 22 25 26 27 28 29 31 33 34 35 36 37 40 41 46 49 51 57 58 59 61 65 66 69 70 77 79 82 93 102 108 110 112 116 118 120 121 122 123 124 125 128 129 133 134 140 143 148 150 151 154 159 161 164 165
4 5 7 14 17 18 19 22 26 29 31 33 34 35 36 38 40 42 44 46 58 60 62 66 70 73 74 77 82 105 133 147 151 161
3 4 5 10 13 17 18 19 26 27 30 31 34 38 42 47 50 53 60 62 64 65 66 70 71 73 92 105 118 120 123 125 129 131 132 133 134 139 161
0 3 4 5 7 10 14 17 18 19 22 27 31 38 42 44 60 62 66 82 91 105 117 118 121 122 124 132 140 143 148 161
10 41 44 48 62 79 80 82 91 102 103 121 124 128 129 148
3 4 5 9 10 14 17 18 25 26 27 29 33 35 36 38 48 50 53 55 58 60 61 62 64 65 70 87 91 92 105 115 122 123 124 125 128 133 140 143 154 161
3 4 40 48 102 103 132 161
3 5 7 14 15 17 19 22 26 29 30 31 33 35 36 40 48 50 60 62 64 66 78 80 82 102 105 120 121 122 124 125 131 132 133 150 154
3 5 6 10 13 18 22 25 26 27 28 29 36 37 38 42 45 46 48 65 66 69 70 77 91 92 102 108 110 115 116 118 120 121 122 125 128 129 130 133 134 139 140 143 149 161
3 5 6 9 10 13 14 22 26 27 29 32 36 37 38 42 45 46 48 65 66 69 70 87 91 102 103 108 110 115 118 119 120 121 122 125 128 129 130 133 134 135 139 140 143 154 161 164
7 15 26 27 29 30 31 34 35 36 40 41 48 62 65 70 73 80 91 92 120 124 125 132 133 134 146
3 18 48 122 132 143
26 30 34 35 36 42 46 105 121 124 125 132 133 134 150
3 4 5 7 13 14 17 18 19 22 26 27 29 30 31 34 35 36 38 40 42 50 60 62 64 65 66 69 70 71 80 82 102 117 118 123 128 134 143 144 146 151 154 161
0 2 3 4 5 6 10 13 14 16 17 18 19 22 25 26 27 28 29 30 32 33 34 35 36 38 40 46 49 50 52 54 57 58 59 60 61 62 63 64 65 66 69 70 77 82 87 91 92 93 102 105 108 110 112 116 120 121 124 128 129 133 137 138 139 140 141 142 143 146 148 153 154 159 161
4 5 18 19 25 27 29 30 40 42 46 48 62 82 105 121 122 124 125 128 129 131
5 10 25 26 28 29 30 32 33 35 36 37 38 44 48 52 53 65 91 102 108 120 122 124 125 128 129 131 133 134 135 143 147 164
0 4 10 17 18 19 22 26 27 29 30 33 34 35 36 38 40 46 48 50 57 60 61 62 65 66 70 80 91 102 112 117 118 120 121 123 124 125 128 129 130 131 133 134 140 143 149 154 159 161
4 5 10 13 14 17 18 19 22 27 31 34 35 36 38 40 41 44 46 48 55 57 58 69 70 80 82 83 102 107 112 120 121 123 124 125 137 140 141 143 148 149 151 161
14 17 22 34 36 38 40 42 46 60 97 102 120 121 124 128 129 131 140
3 4 14 18 22 31 35 36 37 38 42 46 70 82 132 161
2 3 4 5 7 9 13 17 19 22 24 26 27 29 30 34 35 36 38 40 42 50 62 65 69 70 77 80 82 102 129 149 151 153 154 161
5 10 14 18 19 22 31 38 40 41 48 60 132 154
3 4 5 7 10 13 14 17 18 19 25 26 27 29 30 33 35 36 38 42 46 50 60 65 66 105 118 122 134 143 150 151 161
5 10 13 14 17 18 19 25 26 34 35 37 38 42 44 46 51 60 102 103 110 118 120 124 125 132 133 134 140 141 143 151 154 161
4 7 13 17 18 19 25 26 27 28 29 30 31 32 33 34 35 36 38 40 41 46 48 50 53 60 62 64 65 66 68 69 70 73 77 80 87 91 108 110 116 118 120 124 128 129 133 134 140 143 144 146 151 154 161 164
3 5 7 13 17 19 26 27 28 29 30 31 34 35 36 40 41 46 48 50 51 60 62 64 66 68 69 70 73 108 110 116 120 124 128 129 133 134 143 156 161
3 4 7 10 18 19 25 26 27 29 31 32 34 35 36 40 41 42 48 50 62 66 69 79 82 105 120 121 122 125 128 133 134 154
4 7 10 17 18 19 22 27 31 35 38 40 48 50 51 62 70 76 80 82 87 102 131 132 149
3 4 5 9 14 16 18 22 32 33 34 44 48 50 51 60 64 117 121 122 124 125 132 133 134 135
3 4 14 17 18 19 22 26 29 30 31 34 35 36 38 48 52 60 62 65 66 128 132 133 141
10 27 36 48 69 102 115 123 125 131 132 134 148
2 5 6 10 13 19 20 22 25 26 27 29 32 33 34 36 38 40 46 48 50 61 62 78 82 92 93 94 102 117 118 119 120 121 122 124 125 128 129 130 131 133 134 135 142 143 160 162
0 5 6 10 13 17 19 22 26 27 29 32 33 34 36 38 40 46 47 48 50 61 70 73 78 83 92 93 94 102 112 115 116 117 118 119 120 121 122 124 125 128 129 131 133 134 135 138 140 141 143 149 150 154 160 163 164
4 14 17 18 19 22 25 29 31 34 35 36 38 42 44 46 57 60 66 68 82 105 121 122 124 125 133 143
3 4 10 14 19 25 26 27 29 30 35 38 40 42 50 53 57 64 65 66 69 70 105 112 122 128 132 133 134 143 149 150 154
3 10 13 17 25 26 27 30 31 38 48 60 62 64 65 66 102 122 132 143 146 150 151
10 13 17 26 27 30 31 38 40 48 60 62 64 65 66 69 70 73 82 102 112 115 118 122 123 132 143 157
2 7 26 34 35 46 66 78 102 103 116 118 121 122 124 125 128 129 133 134
3 4 5 10 14 15 17 22 26 27 29 30 33 36 38 42 60 78 110 120 125 133 134
3 4 14 25 42 44 46 52 105 120 132 134 141
3 10 14 31 48 62 102 122 124 125 132 153 154
4 10 14 15 17 18 19 22 26 27 29 31 33 35 36 37 38 42 45 46 78 102 116 120 121 122 124 125 128 129 131 133 134 140
4 5 10 13 14 17 18 19 22 25 26 27 29 32 34 38 40 53 54 55 60 63 66 70 73 105 114 128 129 131 132 141 143 146 152
0 3 4 5 13 17 19 20 22 25 27 29 30 31 33 35 36 38 42 46 50 57 58 65 66 68 80 82 91 105 112 116 121 125 128 133 134 146
5 10 22 31 38 40 44 46 58 62 65 66 102 103 105 108 110 112 120 121 124 125 128 129 131 132 133 134 140 149
3 4 5 9 14 22 27 29 30 31 33 34 35 36 37 46 48 49 62 66 91 105 120 121 122 123 124 125 133 134 143 151 154 161
3 7 10 13 26 27 42 62 64 78 80 105 106 118 121 124 125 128 132 141 150
7 10 18 22 26 27 29 31 32 33 34 36 41 43 44 46 61 66 78 118 120 124 128 129 131 139 140 143
6 10 27 33 44 48 60 105 122 125 128 132 146
0 1 3 4 5 10 16 17 18 19 22 26 27 29 30 34 35 37 40 42 57 58 64 66 68 69 70 91 112 117 118 120 121 123 124 128 138 140 143 146 151
1 2 5 10 13 17 19 22 25 26 27 29 33 34 36 38 40 42 57 58 65 66 70 77 116 120 121 123 124 125 128 133 134 140 143 144 151 161 164
0 3 5 13 14 17 18 19 22 25 26 27 29 30 31 33 34 35 36 38 48 53 58 62 64 66 72 76 84 112 114 118 128 129 137 140 141 143 148 149 150 151 161
0 3 4 38 42 46 50 60 77 87 91 92 93 105 122 132 139 143
3 4 10 17 19 22 25 28 30 34 38 45 48 60 91 102 115 123 125 128 132 140 141 154 161
3 5 25 27 48 122 132 134 146
4 14 38 80 82 105 122 128 132 147
3 13 27 41 44 48 66 102 120 121 122 124 125 132 133 134 140 161
14 17 19 22 25 26 29 30 31 33 35 36 38 50 51 57 62 64 65 66 105 120 121 122 124 125 132 134 160
3 15 18 22 26 27 28 29 30 31 36 42 46 47 48 58 66 70 102 105 119 120 121 122 124 125 128 133 134 154 161
4 14 18 22 26 27 29 30 31 32 33 34 35 36 38 42 48 65 66 70 78 105 120 121 122 124 125 131 133 140
4 10 14 17 18 19 25 26 30 31 33 34 38 45 48 60 62 65 66 78 82 102 125 128 132 134 161
5 17 25 26 27 29 31 33 36 38 40 41 42 44 46 51 57 58 65 66 70 73 78 80 82 102 103 108 114 119 120 121 122 124 125 133 134 140 141 143 154 161
3 4 5 8 10 13 14 17 18 19 22 29 30 31 33 34 38 42 45 46 53 60 70 78 80 91 102 115 116 118 119 120 121 122 124 125 128 129 133 143 154 161 162 163
3 4 10 14 19 30 31 38 44 48 50 60 62 82 102 103 105 118 121 124 132
0 7 17 22 40 42 45 46 62 91 92 93 105 132
2 5 25 26 28 29 30 34 36 37 40 42 65 102 103 105 110 118 120 121 122 124 125 133 134 137 140 141 144 149 151 155
0 3 5 6 7 8 10 13 18 19 25 26 29 30 33 35 36 38 40 47 48 61 65 67 87 91 92 93 94 102 123 125 128 129 131 134 140 143 154 159 161
4 10 14 22 26 27 29 31 32 33 34 35 36 38 42 44 46 47 61 66 70 102 103 105 108 120 121 124 128 129 133 134 140 141 143
3 4 5 10 14 18 27 31 34 38 42 46 47 60 64 66 70 91 105 120 121 122 125 131 132 134 137 139 143 154
5 7 10 14 17 18 19 22 24 25 26 29 30 31 32 33 35 36 38 41 42 43 44 46 50 51 55 60 61 62 63 66 70 74 76 78 92 120 124 128 129 131 133 140 143 145
4 7 10 12 13 17 18 19 23 26 27 29 30 33 34 35 38 46 48 57 61 66 78 102 103 118 120 121 124 125 128 129 130 131 133 134 138 140 149 159 161
0 5 10 14 17 27 44 60 102 112 117 132
3 4 14 17 18 19 22 25 26 27 29 30 31 33 34 35 36 37 38 40 42 46 48 60 62 65 66 70 79 87 91 105 108 110 120 121 122 124 125 128 133 134 140 143 154 161 164
2 3 4 5 7 14 17 19 22 26 27 29 30 34 35 36 38 40 42 57 60 64 66 70 79 80 82 105 123 125 133 140 143 154 161
0 3 5 8 24 25 27 32 33 34 48 62 64 66 69 70 73 76 77 80 112 115 123 128 129 132 134 137 149 151 161
2 3 4 10 17 19 22 38 40 44 48 66 70 80 82 119 122 123 132 137 140 143 151
3 17 18 19 30 36 48 91 120 121 122 124 125 134 154 161
3 46 48 62 73 82 91 92 105 120 124 125 132 133 134 154
6 13 14 19 25 26 28 29 31 34 35 36 38 40 42 60 62 65 80 82 102 105 118 120 124 125 132 140 161
4 14 17 18 19 22 25 26 27 28 29 30 31 34 35 36 38 42 46 60 62 66 70 105 120 122 124 128 132 133 134 140 143
4 7 14 15 17 18 19 22 26 29 30 31 33 36 40 42 46 50 57 60 62 64 65 70 79 80 82 105 120 122 133 147 161
3 4 7 12 14 17 18 22 25 29 31 32 33 34 35 36 40 50 51 60 62 64 65 66 70 78 105 107 119 120 121 124 125 132 134 140 143 160 161 162 164
0 16 35 42 46 102 103 120 128 129 131 133 143
2 5 14 17 22 29 30 34 42 46 64 102 131 132 149
5 26 27 29 34 40 46 48 49 66 82 105 116 120 121 122 124 125 133 161
0 3 4 5 8 10 13 17 19 22 26 27 29 30 32 33 34 35 36 37 38 40 46 48 50 51 57 61 65 66 67 70 71 73 77 80 93 105 112 113 114 115 121 123 125 128 129 131 133 137 141 143 146 148 149 151 154 156
4 5 10 14 18 19 22 26 29 30 31 34 35 36 38 40 48 50 62 70 73 91 103 105 116 121 122 124 125 128 129 132 154
0 1 6 10 13 17 46 48 62 64 66 102 121 128 129 131 133 143
0 1 5 7 13 17 20 26 27 29 30 34 35 42 53 64 66 70 71 73 105 115 120 121 124 125 128 134 137 147 151 156 161
7 40 42 45 46 62 64 73 77 80 82 87 91 92 105 132
7 10 22 27 40 41 42 45 46 62 64 70 80 82 87 91 92 105 132 151
5 10 17 18 22 26 27 29 30 33 35 41 42 48 53 55 57 60 62 64 65 66 69 70 79 82 102 105 110 114 116 120 121 122 123 124 125 128 129 133 134 139 140 143 146 147 148 149 161 164
10 14 18 22 23 25 26 27 28 29 30 31 32 33 34 35 36 37 41 42 46 48 52 53 57 58 60 65 66 69 91 102 105 110 116 120 121 122 123 124 125 128 129 133 134 139 140 143 154 161 164
0 5 7 13 14 17 18 19 22 26 28 29 34 35 36 40 42 50 60 62 64 65 66 70 105 120 121 124 125 128 133 134 137 140 143 144 149 154 161
3 4 5 10 14 17 18 19 26 27 29 31 34 35 42 46 52 60 70 91 102 115 117 118 120 121 122 124 125 128 129 130 131 133 140 143 151 154 157
3 4 5 7 10 14 18 19 25 35 42 46 48 60 62 91 102 103 132
4 7 13 18 22 26 27 28 29 33 34 40 44 47 48 60 61 65 66 78 116 118 120 121 122 124 125 128 129 131 133 134 139 140 141 143 148 161 164
3 5 10 14 17 19 26 29 30 35 42 46 60 65 66 68 122 124 132 133 134 161
3 5 10 14 17 18 19 25 27 31 33 36 38 42 62 64 65 66 70 76 78 82 91 92 105 116 118 121 122 124 128 132 134 161
0 3 4 5 7 10 13 14 17 18 19 22 27 30 31 34 38 40 48 50 51 57 58 59 60 62 64 65 66 70 71 105 122 124 151 154 161
17 22 25 26 29 30 31 33 34 36 38 40 48 50 51 57 59 62 64 65 80 82 91 121 124 128 129 132 161
3 13 17 19 25 26 29 30 34 35 40 42 46 48 51 57 59 68 120 121 122 124 133 134 143 154 161
4 6 14 18 19 22 29 30 32 34 40 46 57 58 60 64 66 82 105 125 132 133 134
0 2 4 7 17 19 34 35 38 40 42 50 51 60 69 70 71 73 76 77 79 80 82 85 89 91 92 93 98 100 101 105 106 111 113 114 115 123 124 128 143 148 149 150 154
6 26 29 30 31 33 36 40 46 49 50 58 61 66 105 119 120 121 122 124 133 148 161
6 10 26 29 30 32 33 36 38 40 46 49 58 61 66 70 82 105 119 120 121 122 124 128 133 140 161
3 4 14 18 19 26 30 35 36 38 42 46 48 70 105 121 123 124 125 132 134 143
4 13 17 19 27 29 34 42 48 57 60 70 77 80 82 105 121 124 125 132 134 146 161
0 3 5 23 26 27 29 30 31 34 35 36 41 46 48 66 77 91 105 110 125 129 131 140 154 157 161
3 4 5 7 14 17 22 26 30 32 34 35 38 46 51 57 60 62 64 66 69 70 78 102 103 112 118 120 121 122 124 125 132 134 153 154 161
3 10 13 17 18 25 26 27 28 29 30 34 36 38 42 46 50 60 66 80 121 123 132 133 134 140 161
4 5 7 10 13 14 30 32 35 36 38 40 48 55 62 66 69 70 72 76 102 103 112 115 123 125 128 129 131 132 134 143 146 149 151 154
5 10 18 22 26 28 29 31 33 36 38 42 48 57 62 66 70 97 102 120 121 122 124 128 129 130 131 133 134 143 154
0 3 4 5 25 26 29 30 31 33 35 36 38 42 46 53 58 60 66 105 120 121 124 128 129 131 133 134 140 144 146 150 151
4 14 17 19 22 28 29 30 31 32 34 38 40 48 58 60 61 62 64 65 91 121 122 128 129 130 131 140 143 160 161
3 14 18 22 26 29 30 31 33 34 35 36 38 42 58 60 70 80 105 120 125 132 134 143 151 161
0 2 5 7 10 14 17 18 19 22 25 27 29 30 34 35 36 38 40 46 48 50 51 57 60 62 64 66 70 71 80 82 91 105 123 128 132 140 141 143 153 154
2 4 6 13 14 17 18 19 22 26 27 28 29 33 34 35 36 38 48 62 64 66 70 78 93 102 103 105 114 115 120 121 123 124 125 128 129 137 140 143 154 160 161
3 4 5 7 9 14 22 26 27 29 30 31 33 36 40 48 50 57 59 60 62 64 66 70 74 80 82 120 128 132 133 134 135 144 154 161
14 22 30 35 42 46 82 125 128 132 143
0 3 4 5 7 10 12 13 17 19 25 26 27 29 34 36 40 42 46 47 49 50 62 65 66 74 78 82 102 103 110 120 121 124 125 128 129 131 133 134 135 140 143 154 160 164
3 13 14 15 17 18 19 25 27 29 30 31 32 35 36 38 42 62 64 65 66 110 116 133 134 140 141 143 153 154 161
3 4 5 10 14 18 22 25 26 27 29 30 31 34 35 36 38 42 46 47 48 60 62 65 66 68 92 118 120 128 129 133 134 141 143 146 151 154 161
2 3 5 7 10 13 18 25 27 28 29 30 31 35 36 40 46 48 50 60 62 64 65 66 68 69 70 82 93 116 126 128 129 133 134 140 141 143 148 151 154 161 164
3 7 10 14 19 25 29 31 35 38 40 42 44 46 48 60 62 65 70 71 80 82 87 91 92 125 132 134 140 143 144 154 161
3 7 18 22 34 42 48 62 87 91 92 122 128 129 132
5 13 17 18 19 25 26 27 29 30 31 34 35 38 42 44 46 55 60 102 105 122 125 132 133 134 140 143 161
0 4 10 14 18 22 38 42 46 48 52 54 60 62 63 64 69 70 91 123 128 132 161
4 10 18 19 26 34 40 42 46 60 66 70 82 105 119 122 132 133 154
3 4 6 17 18 19 22 25 26 31 35 36 48 59 60 66 87 91 92 93 105 125 132 143
3 7 10 17 18 23 26 29 30 31 33 34 35 36 40 46 48 49 60 61 66 70 79 82 105 120 121 125 128 132 133 134 140 143 154 161
10 14 25 26 29 41 42 44 46 50 60 70 73 86 102 116 120 121 122 124 128 131 133 134 143 150 151 154
5 10 19 38 42 46 61 62 66 102 108 110 116 120 121 122 124 125 129 131 132 133 161
3 36 40 64 105 121 122 124 125 132 134 150 154 161
3 10 13 17 18 19 24 31 40 44 48 60 64 65 66 82 91 92 105 111 120 121 125 128 132 138 143 146
0 6 10 13 18 40 48 50 51 61 102 123 128 129 131 140 142 143 146 161
3 4 5 10 13 17 19 25 27 29 30 31 32 33 36 48 62 64 65 66 69 80 82 91 92 105 116 118 120 121 122 123 128 132 133 134 138 141 146 148 161 164
4 13 17 19 25 27 29 30 31 32 36 40 48 50 62 91 92 105 110 116 118 120 121 122 128 132 133 141 154 161
4 7 13 14 17 18 19 21 22 26 27 28 33 34 35 38 40 42 50 51 60 62 64 66 69 70 73 78 80 82 105 112 115 118 120 121 122 123 124 125 128 129 131 133 140 143 161
0 7 10 19 25 38 40 42 50 62 64 70 71 79 82 91 105 118 122 125 132 143 150 154
4 13 19 25 48 60 118 122 125 128 132 151
4 14 17 18 19 22 31 34 40 44 48 60 62 80 82 102 103 112 120 125 128 132 133 134 141 154
2 5 10 22 25 26 29 30 31 32 34 36 37 38 42 46 48 58 65 70 76 91 102 103 120 132 143 149 154 161
3 4 14 18 40 42 46 50 62 64 80 82 105 120 132 134 143
3 5 7 10 14 18 22 25 29 30 31 32 33 34 35 36 38 48 50 53 58 60 62 65 66 70 73 79 105 115 120 121 123 124 128 134 140 143 151 153 154 161
3 4 6 7 17 22 26 29 30 33 34 36 48 50 62 66 70 82 102 105 119 120 121 124 125 128 129 133 159
3 10 13 18 33 40 42 46 62 66 71 72 105 132 133 134 143 149
0 3 4 5 6 7 10 12 13 16 17 18 19 21 22 26 27 28 29 30 31 33 34 35 36 37 40 41 42 44 46 47 50 51 57 58 60 61 62 63 64 65 66 70 75 76 77 78 82 90 91 92 94 102 103 112 114 115 116 117 118 120 121 123 124 127 128 129 131 139 140 142 143 144 147 153 154
10 18 29 30 34 36 48 60 69 70 132 146 154
3 4 5 13 14 18 22 25 26 27 28 30 31 36 37 38 42 60 62 66 68 69 76 87 91 102 121 122 124 132 133 134 140 141 144 146 149 161
3 4 5 13 19 25 29 30 34 35 38 40 44 48 62 70 82 102 103 117 118 125 128 129 133 141 143 154 160
3 10 35 40 48 66 70 82 105 120 122 125 128 132 134 161
0 10 19 25 30 35 44 48 60 62 70 71 102 128 132
0 2 4 5 7 13 14 17 18 19 22 25 26 27 29 30 31 33 35 36 37 38 40 42 46 47 57 60 65 66 68 70 77 82 91 102 103 112 114 117 118 120 121 122 124 125 128 129 131 133 134 137 139 140 143 161
3 4 14 17 19 22 33 35 36 42 46 59 70 71 82 102 105 120 121 124 125 132 154 161
4 10 14 19 27 31 38 40 42 46 62 66 69 70 80 84 91 105 115 118 122 128 133 143 154
4 14 17 18 19 22 26 29 30 31 34 35 36 38 40 42 50 60 66 70 73 75 80 92 105 118 120 121 122 124 125 133 134 154 161
3 4 10 14 16 17 18 19 22 23 29 30 31 33 34 35 36 38 42 44 57 58 59 60 62 65 91 105 120 121 122 123 124 125 128 133 134 140 141 143
4 38 40 42 46 62 70 82 102 103 122 132 154
3 7 10 13 19 22 25 34 35 42 60 77 112 121 122 132 133 134 148 161
0 1 3 7 10 14 18 40 50 51 62 64 69 80 82 91 105 132 137
40 42 44 46 91 105 122 132 156 161
3 4 10 14 17 31 40 44 60 64 79 82 87 91 92 93 94 132 150
2 3 4 5 7 9 10 13 17 19 22 24 25 27 29 31 32 33 34 35 36 38 40 42 46 50 51 53 57 58 62 64 65 66 69 70 73 102 105 118 119 121 123 124 125 128 141 143 150 154
0 3 6 7 8 10 11 13 18 20 22 25 26 27 29 30 31 32 33 36 37 38 40 46 48 50 61 62 64 65 66 69 70 77 78 80 82 102 103 108 110 112 118 120 121 123 124 128 129 130 131 133 135 137 140 141 143 146 149 151 154 156
5 7 10 13 17 26 27 31 40 48 60 62 64 70 80 82 91 102 103 112 115 122 128 132 134 137 146 151
3 4 5 10 13 17 18 26 27 29 31 34 35 40 48 60 70 102 103 120 122 123 125 132 134 143 146
3 5 7 10 13 14 17 19 25 26 27 30 31 38 40 46 48 50 60 62 64 70 73 80 82 115 132 151
7 14 19 40 44 49 62 64 69 80 82 120 121 124 129 131 132 154
3 9 10 13 17 19 26 27 29 30 31 34 35 37 40 46 57 65 70 105 114 118 120 121 124 125 128 133 134 135 143 161 164
3 4 5 9 10 14 19 20 22 31 32 34 37 38 42 46 55 57 58 60 65 66 70 87 91 92 112 118 122 123 125 132 133
4 5 10 14 17 18 19 22 25 26 28 29 30 31 34 35 36 38 42 46 47 48 50 60 62 64 66 68 105 120 122 125 128 129 133 143 154
3 4 10 14 17 18 19 20 22 25 27 29 30 31 33 34 35 36 38 42 44 46 57 60 62 66 69 103 105 110 117 118 120 122 124 125 133 140 151
26 29 30 31 34 35 36 42 46 66 105 121 124 125 132 133 134 144
3 8 14 18 22 27 29 30 31 32 33 34 35 36 37 38 40 41 44 48 50 51 66 78 105 108 118 119 120 121 122 124 129 131 133 140 161
4 18 22 31 38 40 41 48 70 87 91 92 93 94 121 122 124 128 132 133 148
3 5 10 14 18 26 27 29 30 31 33 35 36 48 50 55 60 62 65 66 68 70 76 91 102 108 110 115 116 120 121 122 123 124 128 129 133 134 140 141 142 143 144 151 154 161
3 4 5 7 10 14 17 18 19 22 25 27 30 31 35 36 38 40 42 46 60 64 65 66 70 78 105 119 121 122 125 128 134 161 163
35 40 45 60 69 70 80 82 102 122 132 143 161
0 1 5 42 46 61 91 102 105 118 120 132 150
3 4 5 7 17 18 19 22 25 26 29 30 31 33 35 36 37 38 46 48 60 61 64 65 66 70 88 92 93 94 102 105 118 120 121 133 134 146 154
3 4 13 14 17 18 19 22 27 34 35 37 38 42 60 65 66 69 91 103 105 116 120 124 128 132 133 143
4 5 10 13 14 17 18 19 27 29 38 40 42 46 60 64 65 71 125 132 143 150
2 4 10 13 14 17 18 19 22 35 46 61 64 70 105 118 120 121 123 132 133 134 140 143 146
3 4 5 10 17 18 19 20 22 25 26 27 29 30 31 34 35 36 37 38 40 41 46 48 55 69 70 72 77 105 108 110 116 118 123 131 139 140 141 151 154 161
18 22 26 29 30 33 38 48 62 78 82 102 108 120 124 125 128 133 161
3 4 19 22 25 26 29 30 31 33 34 35 36 42 46 48 60 66 105 110 121 124 125 132 133 134 143 161 163
2 4 5 7 17 19 20 22 24 25 26 27 29 30 31 34 35 36 38 40 42 44 46 60 62 64 65 66 69 70 71 73 76 84 91 102 103 105 112 113 120 121 122 124 128 129 133 134 138 140 141 143 149 154 160
7 10 17 18 22 26 27 29 30 34 35 40 42 46 60 62 64 66 70 78 105 120 121 122 124 125 129 133 134 143 146 161
0 3 4 5 10 14 17 19 22 38 41 46 48 60 70 82 102 103 132 161
0 1 10 14 18 19 22 27 31 42 45 46 60 64 102 118 121 124 125 131 132 134 143 158
3 4 5 10 13 14 17 18 19 22 25 27 30 31 32 33 34 35 36 37 38 41 42 46 48 55 58 60 62 64 66 70 76 77 87 91 102 116 117 118 120 122 124 128 129 131 133 139 140 143 151 154 161
3 4 5 10 14 17 18 19 22 25 27 30 31 32 33 34 35 36 38 41 42 46 48 54 60 62 64 66 70 91 92 102 115 117 118 120 122 124 128 129 131 133 140 141 143 154 161
5 14 26 35 42 62 118 120 123 124 132 154
3 5 7 10 13 17 18 25 26 27 29 30 31 33 35 36 41 46 48 50 62 64 70 91 110 121 123 133 134 140 143 148 154 161
10 13 40 48 87 128 132 138
4 5 14 18 19 31 34 35 38 42 66 73 102 120 124 125 128 132 140 141
3 4 7 13 14 24 26 27 28 29 30 31 32 33 35 36 37 40 44 46 60 64 65 66 69 70 71 76 105 106 115 116 120 121 123 124 128 131 134 140 143 145 151 161
3 4 7 13 14 17 25 26 27 29 30 31 32 33 35 36 37 44 46 50 51 62 65 66 69 70 73 116 120 121 124 128 131 134 151 161
2 3 4 20 26 27 29 30 31 36 40 50 56 57 58 60 62 69 70 75 76 80 87 91 96 105 112 118 119 120 122 125 128 132 133 137 140 143 150 151 154
4 13 14 17 18 26 29 30 36 38 40 56 57 60 64 105 118 120 122 125 128 132 133 141 143
5 10 14 31 36 45 48 62 102 122 125 132 143 154
3 14 35 36 38 48 91 105 120 122 125 132 133 134
3 4 5 7 17 18 19 22 23 25 26 27 29 30 31 35 36 37 38 40 42 46 48 50 60 61 62 64 65 66 70 102 120 124 133 140 141 143 146 148 161
3 7 22 25 33 38 40 48 50 57 58 62 64 80 82 102 112 120 122 128 129 131 132 140
