0 1 2 6 7 8 9 10 12 13 14 15 16 17 18 20 21 23 24 26 27 28 31 32 35 37 38 39 44 46 49 50 51 52 53 54
2 4 8 9 17 21 23 24 27 36 39 43 45
0 1 2 3 5 10 12 13 14 15 16 18 20 21 23 24 25 26 28 29 30 31 35 37 38 39 41 44 49 50 51 53 54
0 2 6 8 9 10 13 15 16 18 20 23 24 25 26 28 31 32 35 37 38 39 41 44 49 50 51 53 54
0 1 2 4 5 7 8 11 12 13 14 15 18 19 20 23 24 25 27 30 31 32 36 39 40 41 42 43 44 45 46 49 50 51 52 54
3 6 9 10 15 16 18 19 20 23 24 25 29 32 35 37 40 43 44 48 50
2 3 4 6 8 9 13 16 17 22 23 24 26 27 28 29 32 33 34 36 37 38 39 40 41 43 44 45 46 47 48 51 52 53 54
1 2 3 5 6 7 8 9 10 12 14 15 16 18 19 20 21 22 23 26 27 28 29 30 31 32 33 34 37 38 41 44 45 49 51 52 54
9 10 15 23 24 25 27 37 41 44 48
2 5 6 23 24 27 31 32 36 39 40 41 43 45 46 47 48 49 52 54
0 1 2 4 5 7 8 9 10 12 13 14 15 16 18 19 20 22 23 28 29 31 32 42 43 45 47
1 5 7 8 9 10 12 13 14 16 17 18 19 20 21 25 27 28 31 32 34 37 39 40 41 43 49 50 52 54
0 1 2 3 4 6 7 8 9 10 11 13 14 15 16 18 20 21 22 23 24 27 28 29 32 35 37 39 40 41 43 48 50 52
14 15 16 19 20 21 25 39 40 41 43 44 45 46 47 51
1 2 3 4 6 8 9 14 16 19 21 25 34 37 39 41 42 43 44 48 49 50 51 53
1 2 14 15 16 19 20 24 25 37 39 40 41 48 49 54
2 4 12 13 23 27 31 35 36 37 38 40 41 42 43 44 48 50 52 53 54
0 2 3 5 9 11 15 17 18 19 20 22 31 34 35 37 40 43 50 54
0 1 2 4 6 7 8 9 10 11 12 13 14 15 17 18 19 20 21 22 23 24 27 28 31 32 34 36 39 40 41 43 49 50 51 52 53
0 1 2 6 7 8 9 10 15 16 18 20 22 23 24 27 30 32 34 37 39 41 44 45 46 49 51 52
2 4 6 37 45 48 52
2 4 6 8 11 21 23 24 32 34 35 37 41 44 48 50 52
0 2 3 4 6 7 9 10 11 12 14 15 16 17 18 19 20 22 23 24 32 36 38 39 45 46 52 53
4 6 16 21 24 25 27 28 32 36 48 53 54
1 2 6 7 10 11 12 13 14 15 16 17 18 19 20 21 22 23 24 25 27 28 31 32 35 37 40 43 44 49 50 52 53
0 1 6 8 9 10 15 16 18 19 20 21 22 25 26 27 28 29 33 34 37 38 39 43 44 48 49 50 53 54
0 1 2 4 5 6 7 8 9 10 11 12 13 14 15 16 18 19 20 21 23 27 30 31 32 35 37 38 42 45 51 52 54
0 1 4 7 8 9 12 13 14 18 19 21 22 23 24 25 27 28 29 32 34 35 36 38 44 45 46 49 50 51 52
0 1 3 7 8 10 12 13 22 23 24 28 31 36 37 40 41 42 43 44 45 46 47 49 52 54
3 4 5 7 12 13 14 18 24 31 46 50 52
2 4 12 13 23 32 36 37 38 39 40 47 48
1 2 3 5 6 7 8 9 10 12 13 14 15 16 17 18 19 20 21 22 25 26 27 28 29 30 31 32 34 37 39 40 42 43 44 45 49 50 51 52 54
1 2 3 5 7 8 9 10 13 15 16 17 18 21 22 23 24 26 27 29 30 31 32 33 34 37 38 39 42 44 45 46 49 50 51 52 53 54
0 1 9 12 14 16 17 19 20 22 25 32 36 39 41 44 47 48 50 52
11 23 40 41 43 45 46 48
3 4 5 10 11 12 15 17 18 20 21 24 30 32 34 36 39 40 41 42 43 44 45 46 47 49 50 52
1 2 3 4 6 7 8 9 10 13 14 19 20 21 24 25 27 29 30 32 35 37 41 44 45 47 49 50 51 53 54
1 2 4 6 17 22 23 24 27 30 32 36 39 40 41 43 44 45 46 47 49 51
1 2 3 4 5 7 8 9 13 16 18 19 22 25 29 30 31 35 37 40 41 43 44 48 50 52
1 2 3 5 7 8 9 10 11 12 13 14 15 17 18 19 20 21 22 25 27 28 29 30 31 32 37 40 45 46 49 50 51 52 54
5 6 12 13 22 23 24 26 37 39 40 43 44 45 46 47 50 54
0 2 8 10 12 14 15 16 18 19 20 24 30 31 32 36 39 40 41 43 44 45 49 50 51 53
0 1 5 7 8 12 13 14 18 23 26 27 30 31 32 33 34 36 39 40 43 45 46 52 54
0 1 2 3 4 5 7 8 9 10 11 13 18 19 21 22 25 26 27 28 29 32 33 34 35 37 40 42 43 45 48
1 2 5 6 7 8 9 10 11 12 13 14 15 18 20 21 22 25 26 27 31 32 33 34 35 37 42 44 45 46 49 50 51 53 54
0 1 2 3 5 6 7 8 9 10 12 13 14 15 16 17 18 19 20 21 25 27 28 30 31 35 37 38 39 40 43 44 49 50 54
0 2 6 7 8 9 10 13 14 15 19 20 21 25 27 28 30 31 35 38 39 41 44 50 54
4 6 7 8 10 18 21 22 23 24 27 28 29 32 35 36 39 41 48 52 53
2 4 6 7 8 10 11 18 21 23 24 27 28 29 32 35 36 39 48 52 53
0 2 4 7 8 9 10 12 13 14 15 16 18 19 20 21 23 24 26 27 28 30 31 35 36 37 40 43 44 49 50 52
1 3 7 10 12 14 15 16 18 24 26 28 29 31 32 34 36 37 39 40 42 44 45 46 49 50 52 54
0 1 2 6 8 10 16 18 19 20 21 23 24 27 35 41 48 50 52 53 54
7 8 9 10 12 13 14 15 18 19 23 27 30 31 33 37 38 40 44 45 50 52 54
0 2 3 4 6 8 9 12 13 14 15 16 17 20 22 24 25 26 27 28 29 31 32 38 39 44 49 50 51 52 53 54
1 2 6 8 9 10 13 14 15 16 17 18 19 20 21 23 24 25 26 27 37 40 41 43 49 50 53 54
9 12 13 18 19 20 22 23 25 26 27 33 34 48 49 50
0 1 3 6 8 10 12 13 14 15 16 17 19 20 21 22 23 24 25 26 28 29 31 32 33 37 38 39 40 41 43 44 45 46 47 49 51 52 53 54
1 2 3 6 7 8 9 10 11 13 14 15 16 17 18 19 20 21 22 25 27 28 31 32 34 35 39 49 50 52 53 54
0 3 6 12 14 15 16 18 19 20 22 25 27 28 29 32 37 39 43 44 49 50 52 53 54
0 3 4 5 7 8 10 12 13 16 22 25 26 27 28 29 30 31 32 33 34 36 39 40 41 43 45 46 47 51 52 53
0 1 5 7 8 9 10 11 12 13 14 15 17 18 19 20 21 22 23 24 25 26 27 30 31 32 33 36 38 39 40 42 43 44 45 49 50 51 52 53 54
2 6 16 25 37 48
2 4 6 7 8 9 11 13 16 18 20 21 22 23 26 29 32 35 37 38 40 41 42 43 48 49 50 54
1 4 6 7 14 18 19 20 23 28 31 37 40 41 43 44 48 50 54
0 1 3 5 7 9 10 11 12 13 14 15 16 18 19 20 22 23 24 25 26 28 29 30 31 32 36 37 39 40 41 43 44 49 50 52 53 54
2 4 7 8 9 11 12 13 16 21 22 25 28 29 30 31 33 34 37 38 41 42 44 48 50 52 53 54
22 30 37 41 48 54
3 4 11 22 28 32 33 34 37 38 41 42 48
5 6 8 12 15 19 20 23 27 34 36 37 39 40 43 44 48 50 54
5 13 14 18 44 48
1 2 4 6 7 9 10 12 15 16 17 18 19 20 22 23 24 28 29 30 33 36 39 40 41 43 44 45 46 47 49 53
0 1 3 6 7 8 9 10 15 16 19 21 24 26 27 28 32 33 34 36 37 39 40 41 43 48 49 50 53 54
0 1 2 6 8 10 21 22 23 24 25 27 32 34 36 38 39 40 48 49 50
1 2 4 5 7 8 12 15 18 22 23 30 32 36 37 39 40 41 43 44 49 50 51
1 2 6 21 25 35 36 41 48 50 52
1 4 6 7 10 12 13 14 15 16 17 18 20 25 28 30 31 32 35 38 40 41 45 46 47 51 52 54
0 3 6 9 11 15 21 22 25 26 28 29 31 34 36 38 39 40 43 44 48 49 50
0 2 4 6 8 9 16 20 21 23 24 27 34 48 50
0 12 17 25 30 31 33 34 39 40 41 43 44 45 46 47 49 51 52 53
0 3 4 5 6 7 8 9 10 11 12 13 14 15 16 17 18 19 20 21 22 23 24 26 27 28 29 31 33 36 38 39 40 41 42 43 44 45 46 51 52 53
0 1 2 3 6 9 10 12 15 16 17 18 19 20 24 27 28 32 37 38 39 40 41 43 45 47 50 52 53 54
1 2 4 5 7 9 10 11 13 15 16 18 20 21 23 24 27 28 31 37 39 40 41 43 44 48 49 50 53
0 2 9 10 12 13 14 15 16 17 18 19 20 23 24 28 31 32 33 36 37 39 40 42 43 44 45 49 50 52
1 2 6 12 14 15 16 17 19 20 23 24 28 31 39 40 43 44 49 50
0 1 3 7 9 10 17 18 21 22 25 27 28 29 33 34 35 36 48 52
0 7 10 15 16 21 25 26 27 28 45 48
0 1 2 4 5 6 7 8 9 10 11 13 14 15 16 17 18 19 21 22 23 24 26 27 28 29 30 31 35 38 41 42 44 45 49 50
12 13 14 15 16 18 19 20 22 23 24 26 27 31 35 37 38 40 41 43 44 49 50 51 52 54
2 3 5 12 13 14 15 16 18 19 20 22 23 24 26 27 31 34 37 40 41 43 44 49 50 52 54
3 7 10 11 12 13 14 15 16 18 19 20 23 24 25 28 31 34 36 39 40 41 42 45 46 47 49 50 52
2 6 16 25 37 41 43 48 54
2 3 4 5 7 11 12 13 18 20 21 22 23 24 26 30 31 32 37 38 39 40 41 42 43 44 45 46 49 50 51 52 53
2 4 5 6 7 8 12 13 14 16 19 21 23 24 27 28 29 35 38 45 48
0 3 4 5 7 9 12 13 25 28 29 30 31 32 36 38 41 48
0 1 5 7 10 19 21 22 25 27 29 30 32 38 45
0 2 3 4 5 6 7 8 9 10 11 12 13 14 18 19 20 21 24 27 32 36 39 40 43 44 45 46 47 49 50 51 52
0 6 15 19 21 23 35 36 41 48 53
0 3 4 8 10 11 14 15 16 17 20 21 22 24 25 26 28 29 30 31 32 33 34 36 38 39 40 41 43 45 46 47 49 51
2 3 6 7 8 9 10 15 16 17 18 20 21 23 24 26 27 28 29 31 37 40 41 43 44 48 49 50 54
0 2 3 4 5 6 7 8 9 10 11 13 17 19 21 25 27 29 30 35 36 41 45 48 49 52 53
0 1 2 3 4 6 7 8 9 10 11 12 13 14 15 16 19 23 24 27 31 32 35 44 50 52 53
0 1 5 7 8 10 12 13 14 15 16 17 18 20 22 24 25 30 31 32 33 34 36 37 38 39 40 41 43 44 45 46 50 54
0 3 5 7 8 10 12 13 14 16 17 18 20 22 25 29 30 31 32 33 34 35 36 37 38 39 40 41 43 44 45 46 49 50 53 54
1 4 6 9 17 20 23 36 39 40 41 43 46 47 49
3 4 6 7 10 22 25 28 29 33 34 35 36 41 48 52
0 1 4 5 7 8 12 13 16 18 19 24 25 27 30 32 36 37 38 39 40 41 44 50 52 54
0 1 2 6 9 15 22 23 24 33 34 36 38 41 48 49 52 53
0 1 4 13 22 24 25 27 35 36 48
0 1 6 10 15 20 25 35 36 40 43 48 49
2 3 5 6 7 9 12 13 14 18 19 20 21 23 31 39 40 41 43 45 46 49 50 51 52 54
1 2 9 11 23 24 29 32 36 40 43 44 47 48
0 2 4 5 6 11 13 17 19 22 25 27 28 29 35 40 41 45 48 49 52 53
0 1 2 3 5 6 7 8 9 10 11 13 15 16 18 21 22 23 24 26 27 31 32 33 34 37 39 44 45 46 49 51 52
0 13 14 15 25 31 45
3 4 5 6 7 8 9 10 11 12 13 14 15 18 19 20 21 24 31 35 36 40 41 43 44 49 50 51 52 54
0 1 2 3 4 6 8 12 13 16 23 24 32 35 36 39 40 42 43 44 45 48 50 53 54
2 11 14 15 16 21 23 24 25 27 37 40 41 43 44 45 46 47 50
1 2 6 7 8 9 10 16 19 22 25 26 27 33 34 36 37 40 41 43 48 53
3 4 5 8 11 12 14 17 20 25 28 30 31 36 37 38 39 41 42 44 45 46 49 50 51 52 53
0 2 3 4 5 6 7 8 9 10 11 13 15 16 17 18 21 22 24 25 26 27 28 29 31 32 37 40 41 43 53 54
2 5 12 13 15 16 17 19 20 23 31 37 39 40 41 42 43 44 45 50 54
2 4 22 23 24 34 37 41 48
1 2 4 6 7 10 18 19 21 25 27 32 34 36 48 52
3 4 11 12 19 22 24 25 26 28 29 30 31 34 37 38 40 42 43 45 46 49 50 51 52 53
4 9 15 16 31 37 40 41 43 44 48 54
0 1 2 6 8 9 10 14 15 16 17 18 19 20 21 22 23 24 25 27 28 31 32 33 34 35 36 37 42 45 46 50 52 54
0 2 3 4 5 7 8 9 10 13 15 18 19 22 24 25 26 28 29 30 32 33 34 35 36 42 45 51 52
1 4 12 14 18 22 27 29 34 37 39 41 45 48
0 1 2 4 6 8 10 13 16 17 18 21 25 27 29 32 41 45 48 53
0 1 2 3 6 7 8 9 10 14 15 16 17 18 19 20 21 22 25 26 27 28 29 32 37 39 40 43 44 45 46 47 49 51 52
0 2 4 5 9 11 17 22 23 24 26 31 32 34 35 37 41 42 45 46 48 49 52
0 2 4 5 7 9 11 13 16 22 23 24 32 35 37 41 48 49
1 2 3 4 5 6 7 8 9 10 13 16 18 21 25 26 27 28 29 37 38 45 48 52 53 54
0 1 4 5 6 8 10 11 12 13 14 15 16 17 18 19 20 25 26 30 31 33 35 36 38 40 41 44 45 50 51 52 54
0 1 2 3 5 6 8 11 12 13 14 15 17 18 19 20 25 26 31 32 35 36 38 40 41 44 45 50 51 52 53 54
0 4 6 11 21 23 26 28 34 36 39 41 43 48 50
3 4 5 6 8 9 10 12 14 18 19 21 22 25 27 29 32 34 36 40 41 42 43 44 45 46 47 50 51 52
8 9 12 13 22 25 26 35 37 44 48 49 50 53 54
0 1 15 16 19 23 24 27 37 39 48 50 51
0 1 2 5 6 7 8 9 10 12 13 15 18 19 20 21 22 23 27 28 29 30 31 32 33 34 36 38 39 40 41 42 44 45 46 49 51 52 53
0 2 4 5 6 7 8 9 10 12 13 14 15 16 18 19 20 21 23 24 25 27 30 31 32 35 37 38 39 42 45 46 47 52 53 54
1 2 4 7 11 18 22 25 29 32 37 45 46 47 48 53
1 2 7 18 22 25 29 37 41 45 47
0 2 4 6 8 13 16 19 20 25 27 28 30 32 35 37 40 41 43 44 48 49 52 53
3 4 8 13 19 23 28 30 32 33 38 39 40 42 43 48 49 50 51 52
0 1 2 4 11 13 19 22 34 35 36 39 43 44 48
1 6 7 9 10 12 16 18 20 21 23 27 31 32 36 40 41 43 48 49 52
2 6 7 8 9 10 12 18 19 21 25 27 28 31 33 34 35 37 48 51
0 1 4 7 10 11 12 13 14 16 17 18 19 20 22 24 30 31 32 34 36 38 39 40 41 42 43 44 45 46 49 50 51 52 53 54
1 2 3 6 7 8 9 10 12 14 16 17 18 19 20 21 22 23 24 27 28 31 32 34 37 49 54
0 1 2 4 5 7 8 9 12 13 15 16 18 21 23 26 27 28 29 30 31 32 37 38 39 42 44 46 47 48 49 50 54
0 1 2 3 4 6 7 8 9 10 13 16 21 23 27 28 31 34 35 37 38 40 41 43 48 51 52 54
4 25 28 33 34 35 36 40 43 45 46
0 1 2 4 6 7 8 11 12 13 14 17 19 20 21 25 26 27 28 29 30 32 35 37 41 42 43 44 45 49 51 52 53 54
0 1 22 25 36 48 54
0 2 3 6 7 9 10 12 14 15 16 17 19 20 22 25 26 27 28 29 31 33 34 36 37 39 40 41 43 44 47 48 49 53
0 2 4 5 8 10 11 12 13 14 20 21 23 24 25 30 31 32 35 36 38 39 40 41 44 45 46 49 50 51 52 54
0 2 4 5 6 10 12 13 14 20 21 23 24 25 30 31 32 35 36 38 39 40 41 44 45 46 49 50 51 52 53 54
3 12 13 14 15 16 18 19 20 22 25 28 30 32 33 35 39 43 44 48 49 50
0 8 25 41 48 52
12 15 18 19 20 23 24 37 40 43 44 48 49 50
0 1 2 3 5 6 7 8 9 10 12 13 14 15 16 18 19 20 21 22 23 26 27 28 29 30 31 32 33 34 36 38 42 45 50 52 53 54
0 1 2 4 5 6 7 8 9 10 11 12 13 14 15 17 18 19 20 21 22 24 26 27 28 29 30 31 32 34 35 36 37 39 40 43 45 46 49 51 52 53 54
1 2 8 9 11 13 14 15 22 23 24 25 28 34 37 40 41 43 44 45 46 47
2 4 11 12 14 15 17 19 20 21 25 30 35 36 39 41 43 44 45 46 47 49 50 52
1 4 7 8 9 10 12 13 14 15 17 18 19 20 21 22 24 25 26 27 28 30 31 32 33 35 36 38 39 40 42 43 44 45 46 47 49 50 51 52 53 54
1 2 4 5 6 7 8 9 10 13 16 18 19 20 21 22 24 25 32 33 34 36 39 40 42 43 44 51 52 54
6 7 10 18 20 21 22 23 24 27 36 39 40 43 45 46 47 51
0 1 6 8 10 16 19 20 21 23 24 32 34 48 54
0 1 2 3 5 7 9 10 12 13 14 15 18 19 20 21 22 23 26 28 30 32 33 34 36 46 53 54
2 4 6 8 9 10 16 21 22 25 27 48 53
0 1 2 3 4 5 6 7 8 9 11 12 13 14 15 17 19 20 21 23 24 26 27 30 31 37 38 41 50 52 54
2 4 5 6 7 8 9 11 12 18 19 21 23 24 27 36 38 39 43 44 48 49 50 51 52 53 54
1 3 5 7 8 9 11 12 13 14 15 16 17 18 19 20 21 22 24 25 26 27 28 29 30 31 32 33 35 38 39 43 45 46 49 50 51 52 53 54
0 2 3 5 7 9 12 13 14 15 16 18 19 20 22 24 25 26 27 28 29 31 32 39 43 45 46 49 50 52 54
0 1 3 4 8 9 11 12 13 14 16 18 19 20 22 23 25 26 28 31 34 37 39 40 41 44 45 49 50 53
1 3 4 7 8 9 10 13 16 19 21 22 25 26 28 32 33 34 36 47 48
0 1 2 6 8 10 17 18 25 26 27 29 40 41 43 44 48 49 50
0 1 6 7 8 9 10 12 14 15 16 18 19 20 21 25 27 28 30 31 45 48 49
4 13 20 25 36 42 44 47 48 50
2 4 5 9 10 11 12 13 14 17 18 20 21 22 24 25 26 28 34 36 38 39 40 41 43 44 45 46 47 49 50 52
2 4 5 7 9 10 12 13 14 17 18 20 21 22 24 25 26 32 36 38 39 40 41 43 44 45 46 47 49 50 51 52 53
1 6 7 8 9 10 11 14 16 18 19 20 21 23 24 27 31 34 37 40 41 43 44 49 52
0 1 4 6 9 11 12 13 14 15 19 21 22 23 26 29 30 31 32 37 41 45 48 49 50 52 53
0 4 5 7 11 12 13 15 16 21 25 27 28 29 30 31 36 41 48 52
4 5 7 12 13 15 16 21 22 25 27 28 29 30 31 32 34 36 38 41 42 48 52
3 12 18 19 24 31 36 38 40 41 43 44 45 46 49 50
0 1 2 4 6 7 10 12 13 14 15 17 20 21 23 27 39 44 49 50
0 1 6 11 23 24 37 39 48 50
0 4 6 16 25 28 36 41 43 44 48 53
1 4 6 7 8 9 10 12 13 14 16 17 19 20 21 23 24 36 39 40 41 43 44 45 46 47 49 50 51
1 2 4 5 6 7 8 9 10 11 12 13 14 18 21 22 27 31 32 37 45 46 47 48 52
0 1 2 5 7 9 10 11 13 14 15 16 17 19 20 21 23 24 26 30 31 33 34 35 37 40 44 45 49 50
2 4 10 16 21 22 24 28 30 31 36 37 39 40 43 44 45 46 47 48 49 50 51
0 1 2 6 10 13 14 15 16 17 18 19 20 24 25 28 31 35 37 39 40 41 42 43 44 49 50 52 53 54
0 3 4 5 12 13 23 28 29 33 37 38 40 43 44 45 48
3 4 8 10 12 13 14 16 17 18 20 24 31 38 39 43 45 46 47 51 52
4 13 17 25 27 37 41 44 45 48
0 1 2 4 7 8 9 10 12 13 14 15 18 19 22 23 29 31 32 35 38 39 40 42 43 45 51 52
2 4 5 7 9 10 11 12 13 14 17 18 20 21 22 23 30 31 32 39 40 42 43 44 45 49 50 51 52 54
0 2 5 6 7 8 9 10 11 12 13 14 15 16 17 18 19 20 21 25 28 29 31 38 45 46 51 52 54
0 1 21 23 24 26 27 35 37 41 48 52
0 1 4 7 9 10 11 15 18 21 25 27 35 36 42 44 45 48 51 53 54
0 2 11 13 25 41 48 50
1 6 21 33 34 37 41 45 48
0 5 13 25 31 36 39 40 41 43 44 48 49 50 51 54
6 7 9 10 11 12 14 15 16 17 19 20 21 26 28 29 30 31 37 39 40 41 43 44 48 50
0 8 10 12 13 14 15 16 20 23 24 25 31 32 36 37 39 40 41 43 44 45 49 50 53 54
1 6 8 10 12 13 14 15 16 17 18 19 20 21 23 25 30 31 32 37 39 40 41 43 44 47 49 51
1 4 6 7 8 9 11 12 15 16 17 18 21 25 27 28 30 31 34 36 44 45 48 50 54
2 7 11 12 13 14 16 17 20 21 22 23 24 30 31 32 33 34 36 39 40 41 43 44 49 50 51 52 53 54
0 1 2 4 5 6 7 8 9 10 14 15 16 17 18 21 23 24 27 32 33 35 36 38 39 40 41 43 44 45 46 49 52 53 54
0 1 4 6 9 15 16 21 25 26 27 28 34 36 37 38 40 43 48
3 7 10 22 23 24 28 35 37 48
2 11 12 14 15 18 20 22 23 30 36 37 38 39 40 41 43 44 49 50 51
0 2 3 4 5 8 9 11 12 14 15 17 19 20 21 22 25 30 35 36 42 44 45 46 47 50 51 52 53 54
1 4 6 10 12 13 14 16 17 18 19 20 21 23 24 31 32 36 37 39 40 43 45 46 49 50 51 52
0 1 2 4 6 8 13 16 18 21 23 24 27 29 31 32 35 37 39 40 41 44 47 48 50 52 53
2 3 4 6 7 8 9 10 11 12 14 15 16 17 19 20 21 23 24 26 27 28 31 32 39 43 45 46 47 49 51 52
1 3 4 5 7 8 9 12 13 14 15 17 18 19 21 24 25 31 36 38 39 40 43 44 45 46 47 49 50 51 54
2 4 6 7 13 27 36 48
0 1 6 7 8 9 10 11 12 13 14 15 16 17 18 19 20 21 22 23 24 25 27 28 30 31 32 35 37 39 40 41 43 44 45 49 50 51 52 53 54
0 1 2 3 6 7 9 10 12 13 14 15 18 19 20 21 22 23 27 29 31 32 33 34 37 42 44 49 51 52 53 54
0 2 11 13 17 18 25 28 29 31 32 33 42 45 46 48 50 54
0 1 4 7 9 10 21 22 25 31 32 33 34 41 42 48 51 52
0 7 8 9 15 20 25 35 39 40 41 43 44 50 53 54
0 24 25 28 34 35 37 39 43 44 48 49 50 53
5 6 9 11 12 14 16 18 19 20 21 22 23 27 28 30 33 34 36 37 38 39 43 44 48 51 54
1 6 7 8 9 10 11 12 13 14 15 16 18 19 20 21 23 24 27 28 31 32 37 39 41 43 45 48 49 50 51 52
1 3 6 7 8 9 10 12 14 15 16 17 20 22 23 24 26 27 28 29 30 32 33 34 37 39 41 49 54
0 1 3 6 7 8 10 11 14 16 17 18 19 20 22 26 27 28 29 30 31 32 37 39 40 43 44 48 50 51 52 54
19 23 24 36 39 45 46 47 49 52
2 6 7 10 14 15 18 23 24 29 36 47 48
2 12 13 14 18 22 24 25 31 34 37 39 40 41 43 44 49 54
0 1 2 4 5 7 9 10 12 13 14 15 17 18 19 20 21 22 24 25 26 30 31 32 33 37 40 42 44 45 46 47 49 52 53
1 2 4 6 8 9 10 12 14 15 16 18 19 20 21 22 25 26 28 32 35 37 40 41 43 44 45 46 48 53
4 5 7 24 25 28 29 31 36 40 45 46 47 49 52
2 3 5 7 12 13 14 15 18 19 23 29 31 32 37 39 40 43 44 45 50 54
3 22 23 24 28 29 33 34 35 37 48
3 4 10 13 22 23 24 28 29 32 33 34 35 37 48
2 4 7 8 10 12 13 14 15 17 19 23 25 27 28 29 30 31 32 34 36 37 39 40 41 42 43 44 45 46 49 50 51 52 54
4 6 8 10 11 12 13 14 15 16 17 18 19 20 23 24 25 27 30 31 35 36 37 39 40 41 42 43 44 45 46 49 50 51 52 53 54
2 3 5 6 7 8 9 10 12 14 18 19 20 22 23 26 27 28 29 30 31 32 37 39 40 43 44 45 49 50 51 52 53 54
0 1 2 4 6 7 8 9 12 13 14 16 18 19 23 24 27 32 35 36 38 39 40 41 43 44 45 46 47 49 51 52 53
0 1 2 3 4 6 8 9 11 19 23 24 25 27 28 35 36 48
1 3 5 8 10 12 13 14 17 18 22 25 27 30 31 38 39 40 41 43 44 45 46 47 49 50 51 52 54
0 2 4 6 7 9 12 14 15 19 23 24 27 30 31 41 43 48 49 50 54
0 2 4 6 7 8 9 11 13 16 17 20 21 23 28 29 30 31 32 34 35 37 38 40 41 43 45 48 50 54
0 1 2 3 4 5 6 7 8 9 10 13 15 16 18 21 22 25 26 27 28 29 30 31 32 37 41 43 53 54
7 10 11 12 14 15 16 17 18 20 21 22 25 26 28 29 30 33 34 35 40 43 45 46 48 54
0 5 7 9 11 12 14 15 18 19 22 23 24 25 39 40 41 43 49 50 52 53 54
1 6 8 9 10 14 15 18 22 24 27 29 31 34 37 44 48 49 50
1 3 7 9 18 19 21 22 23 26 27 32 33 34 35 37 42 43 45 52 53
12 14 15 16 17 20 22 24 26 31 37 39 40 41 43 49 54
4 12 14 15 17 20 21 22 24 31 32 34 37 39 40 41 43 45 49 51 54
0 1 6 8 9 12 15 19 20 21 23 24 25 32 37 40 42 43 44 48 50 52
1 5 7 9 13 14 18 23 25 27 32 33 34 37 40 43 44 48 50 54
0 2 12 13 14 15 16 18 19 20 24 25 31 35 37 44 46 47 51 53 54
0 1 2 3 6 7 10 12 15 18 19 21 24 27 28 29 31 32 36 38 39 40 41 43 44 48 50 53 54
0 4 5 7 8 11 12 13 14 15 18 20 21 23 24 26 27 31 33 40 42 48 49 50 51 54
1 2 3 4 5 6 15 19 20 21 22 25 28 31 32 36 42 44 45 46 47 48 50 52 53
2 4 8 10 12 14 16 17 20 21 23 25 28 31 32 36 39 40 41 43 45 46 47 49 50 52 53
0 1 2 11 12 14 15 16 17 19 20 21 23 24 27 31 37 39 40 43 45 46 47 49 50 51
1 6 7 9 10 14 15 16 18 21 22 25 27 28 29 30 35 40 41 45 46 47 51 52 54
0 6 8 10 12 14 15 16 17 18 19 20 21 23 27 32 33 37 39 44 48 50 52 54
2 3 4 6 7 8 9 10 11 13 14 15 18 19 20 21 22 24 25 26 27 28 29 31 32 33 34 35 37 42 45 48 51 52 53
1 5 6 7 8 9 10 12 13 14 17 18 19 20 21 25 28 29 31 32 36 37 39 40 42 43 44 45 46 51 52 53 54
0 1 2 3 6 10 12 13 14 15 16 17 20 22 25 26 27 28 29 31 32 33 34 39 45 48 49 50 53 54
6 10 15 19 23 24 34 44 45 48 52
0 1 2 3 4 5 7 9 11 12 13 14 18 20 22 23 24 26 28 30 31 34 36 39 40 43 44 45 46 47 49 50 51 52 53
0 5 6 7 8 9 11 13 14 15 16 19 20 21 23 28 29 30 31 49 50 51 52 53 54
0 1 2 4 6 8 10 11 12 13 14 15 16 18 19 20 21 23 24 25 27 28 30 31 38 39 45 46 49 50 52 53 54
0 2 3 4 5 8 11 13 14 15 16 19 20 22 24 25 26 27 28 29 30 31 32 34 45 46 49 50 51 52 53 54
0 3 4 6 9 11 14 16 19 21 22 23 24 25 27 28 30 32 33 34 35 44 48 50 51 52 53 54
0 3 8 10 18 23 25 28 35 41 45 46 48
2 5 7 8 9 11 12 13 14 15 16 18 19 21 23 24 27 36 37 41 44 48 49 50 51 52 54
1 4 6 8 10 21 23 24 25 27 28 29 32 35 42 45 48 54
1 4 8 9 12 18 22 23 24 27 31 32 34 37 41 48 49 53
0 1 7 8 9 10 11 12 16 19 20 25 27 31 35 37 44 48 52
0 3 4 7 8 12 14 15 16 17 18 19 20 22 24 25 27 31 32 34 37 39 40 44 45 48 49 50 51 52 53 54
4 6 11 12 14 23 24 26 27 32 36 39 40 41 43 45 47 49 50 52 53
2 4 9 21 23 24 28 31 36 39 40 41 43 44 46 47 48 49 54
0 20 22 29 37 40 41 43 44 48 50 53 54
0 4 5 7 8 9 16 22 25 27 29 30 31 34 35 37 39 40 44 45 48 52
4 5 8 22 25 26 36 42 45 46 47 51 52 54
0 1 2 4 5 7 9 11 13 14 15 16 17 20 25 28 29 30 31 33 34 35 37 38 39 40 41 42 45 48 49 50 54
1 5 7 9 11 13 14 15 16 20 22 25 26 28 35 37 38 39 40 41 45 48 49 53 54
1 3 5 6 7 8 9 10 12 13 17 18 19 21 22 23 26 27 28 29 31 32 33 34 37 38 39 40 41 42 43 44 45 46 47 49 51 52 54
3 4 9 11 21 22 23 26 28 29 32 34 35 37 38 41 44 48 52 53
1 5 9 11 25 27 38 41 44 45 48
1 6 7 8 9 10 16 18 22 25 27 28 33 34 36 39 44 45 48 49 50 53
2 4 10 11 12 14 15 16 18 20 21 23 24 25 30 32 35 36 39 48 52 53 54
0 1 6 8 22 23 24 26 28 29 33 34 37 39 48 50 52
0 2 3 4 6 8 10 11 14 15 16 17 18 19 20 21 25 26 27 28 30 31 32 37 39 40 42 43 45 50 51 52 53 54
0 1 3 7 10 12 14 15 17 18 20 25 26 28 31 32 34 36 37 39 40 43 44 45 46 49
0 4 5 8 17 22 23 24 28 31 37 48 49 50 52
0 1 2 3 4 5 7 8 9 10 12 13 14 15 16 17 18 19 20 22 23 24 26 27 28 29 30 31 32 34 35 36 38 39 40 42 43 45 46 47 51 52 53
4 8 14 15 18 20 25 27 32 48 53
0 1 2 5 6 8 10 11 12 13 15 16 20 21 23 27 28 31 35 36 40 41 43 48 49 50 51 54
0 1 2 5 9 11 14 15 18 19 21 22 25 28 32 34 36 38 44 45 46 49 52 53
0 4 19 22 25 31 32 34 37 39 41 44 45 48 50 54
4 9 11 15 19 25 27 28 32 36 45 48
1 2 3 5 6 7 8 9 10 11 12 13 14 15 16 17 19 20 21 22 23 24 27 30 31 32 34 35 36 38 39 40 41 43 44 45 46 47 49 50 51 52 54
0 1 6 7 9 10 17 19 20 23 24 32 34 36 37 39 40 43 44 48 53 54
1 4 6 9 13 16 21 22 23 24 28 31 32 33 35 37 38 41 45 49 52 53
1 6 7 8 9 10 12 14 15 16 18 19 20 21 22 23 26 27 31 32 33 37 38 39 40 41 43 44 49 50 53 54
0 1 4 6 7 8 9 10 14 15 16 17 18 19 20 21 23 27 28 30 35 37 39 40 41 42 43 44 45 49 50 51 52
1 21 22 23 24 28 32 34 36 41 48 53
0 3 4 5 9 10 11 18 19 23 27 40 41 48 49 50 54
0 3 4 6 8 22 26 28 29 33 34 35 37 48
22 23 24 35 37 41 48 54
0 1 4 6 7 16 22 27 29 34 35 48
0 1 2 3 4 5 7 9 10 11 13 14 16 17 18 19 20 21 22 23 24 26 28 29 30 31 32 36 37 38 40 42 43 44 45 52 53
0 3 4 5 8 10 11 12 13 14 15 16 17 20 21 22 24 25 26 28 29 30 31 32 33 34 36 38 39 40 42 43 45 46 47 49 51 52 53
2 3 4 5 7 12 13 16 22 25 27 28 29 32 33 34 35 36 41 45 48 50
0 1 2 4 5 7 8 12 13 14 16 18 19 22 25 27 32 36 39 41 42 44 48 50 52
0 2 3 4 5 6 7 9 11 12 13 15 16 21 22 24 25 26 27 28 29 32 33 34 48
3 6 9 22 28 29 33 34 39 40 43 46 47 48 53
0 4 5 7 9 12 13 14 15 16 18 19 22 24 30 32 37 38 39 40 43 44 45 49 50 52 54
0 1 2 4 6 9 10 16 18 21 23 24 27 30 31 32 35 38 41 42 44 48 49
1 2 4 6 7 8 9 10 11 12 14 15 16 18 19 20 21 23 24 25 26 27 28 29 31 37 39 41 44 45 46 49 52 53
0 1 4 6 7 8 9 10 11 13 14 15 16 17 18 19 20 21 23 24 27 28 31 37 38 39 41 43 44 49 51
12 14 15 16 18 19 20 23 24 31 37 40 43 44 48 49 50
0 6 8 10 13 14 15 16 17 18 19 20 21 22 25 26 31 37 38 39 40 41 43 46 47 49 51 54
1 8 10 16 21 22 25 32 35 40 41 43 45 48 49
0 2 4 6 8 12 13 14 15 16 17 19 20 25 26 27 28 30 31 32 35 36 39 40 41 42 43 45 46 49 50 51 52 53 54
0 1 2 3 4 6 7 8 9 10 11 13 15 16 19 20 21 22 23 24 27 29 30 31 32 37 40 41 44 45 50 54
19 22 27 32 33 34 36 41 48 52 54
2 23 24 35 36 37 38 39 48
0 1 2 3 7 8 9 10 11 12 14 15 16 17 19 20 21 24 25 27 29 30 31 32 36 37 38 39 40 49 50 53
0 1 5 6 7 8 9 10 13 18 19 21 23 27 30 31 35 37 39 43 45 48 49 52
1 2 4 5 6 7 8 9 13 14 21 22 23 24 27 29 30 44 48 52
1 4 5 6 7 8 9 10 19 24 29 32 37 38 39 40 42 48 49 50 51 52
0 1 2 4 7 8 9 10 11 12 13 14 15 16 18 19 20 21 22 24 25 32 37 38 42 47 51 53 54
8 10 12 14 15 17 21 25 28 34 36 39 43 44 45 49 54
0 1 9 10 11 12 14 15 16 17 18 19 20 23 24 25 27 31 37 40 43 44 48 49 50 52 54
1 2 3 7 9 10 11 12 13 14 15 16 18 19 20 21 22 23 24 27 28 29 30 31 32 35 36 37 39 40 41 43 45 46 49 50 51 52 53
3 4 7 8 10 12 13 14 15 18 19 22 23 24 27 28 29 31 32 37 39 40 41 43 44 46 49 50 52 54
0 1 2 4 6 7 9 10 21 24 25 27 32 34 36 48 54
4 6 8 9 10 13 16 23 24 27 29 36 38 40 43 44 47 48 50 52
0 1 2 4 5 6 7 8 9 10 11 13 15 16 17 18 19 20 21 23 24 25 27 28 29 31 32 35 36 38 39 41 43 45 46 47 49 51 52 53 54
0 1 2 4 6 7 8 9 10 11 13 15 16 17 18 19 20 21 23 24 25 27 28 29 31 32 35 36 38 39 41 43 45 46 47 49 51 52 53 54
2 6 12 19 23 28 38 39 42 43 48 53
0 2 3 4 5 7 8 11 12 13 14 15 16 17 19 20 24 25 26 28 29 32 35 40 42 49 50 51 52 53 54
4 5 22 25 45 48
1 2 6 8 9 16 18 19 21 23 31 36 39 43 44 45 48 51
0 1 3 5 6 12 13 14 15 16 17 19 20 22 24 27 29 30 31 32 37 39 40 42 43 45 47 50 51 52 54
0 1 3 5 6 7 11 12 13 14 15 16 17 19 20 24 26 28 30 31 32 39 40 43 45 47 50 54
0 1 12 13 14 15 16 20 22 26 27 28 32 33 35 37 38 39 41 44 45 48 49 51 52 53
1 5 6 7 8 12 14 15 20 21 22 27 29 37 38 39 41 44 45 48 49 52
2 4 6 16 20 25 28 36 41 44 48 52 53
0 6 19 20 21 25 35 37 39 41 44 48 49 50
0 1 2 3 7 8 9 10 11 12 13 14 15 16 19 20 21 22 23 24 25 26 27 28 29 30 31 32 36 39 43 49 51 52 54
0 3 10 11 17 21 22 25 26 28 29 33 34 36 39 41 45 46 47 48 51
