2 3 4 9 10 11 12 14 16 17 18 19 20 21 23 24 26 28 31 32 33 36 41 42 44 47 48 50 51 60 65 66 67 72 74 79 81 84 85 89 91 98 99
4 5 7 11 12 23 28 31 33 42 63 74 78 80
2 3 4 6 8 14 16 17 18 19 20 21 24 26 27 28 31 32 33 35 36 37 40 44 45 46 47 59 60 61 65 72 74 76 79 84 85 86 89 90 98 99
2 4 9 11 12 14 17 18 20 21 24 26 31 32 33 35 36 37 44 47 48 50 60 65 72 74 76 79 84 85 89 94 98 99
2 3 4 7 8 10 11 15 16 17 18 19 20 22 24 25 26 31 33 35 39 42 46 47 49 50 63 64 74 75 76 77 78 79 80 81 84 85 89 90 91 92 99
6 9 12 14 20 21 24 25 26 31 33 35 45 50 60 65 75 78 79 83 85
4 6 7 9 11 12 13 17 21 23 29 31 33 36 37 42 44 45 49 50 52 53 54 56 57 58 63 64 65 68 69 72 74 75 76 78 79 80 81 82 83 87 89 91 97 98 99
0 3 4 6 8 9 10 11 12 14 16 19 20 21 24 25 26 28 29 31 36 41 42 44 45 46 47 50 51 52 57 58 65 72 76 79 80 84 89 91 97 99
12 14 20 31 33 35 42 65 76 79 83 95
0 4 8 9 31 33 40 41 42 47 50 63 74 75 76 78 80 81 82 83 84 91 96 99 100
0 2 3 4 7 8 10 11 12 13 14 16 17 19 20 21 22 24 25 26 29 31 32 43 44 45 47 50 51 54 55 66 67 68 69 71 77 78 80 82 87 94 95 97
3 8 10 11 12 14 16 17 18 19 21 23 24 25 26 28 35 40 42 44 47 50 52 58 65 74 75 76 78 84 85 90 91 99
2 3 4 6 7 9 10 11 12 14 15 17 19 20 21 24 26 28 29 31 33 37 42 43 44 45 50 60 65 74 75 76 78 83 85 91
19 20 21 25 26 28 35 40 74 75 76 78 79 80 81 82 89
3 4 6 7 9 11 12 19 21 25 28 30 35 58 65 74 76 77 78 79 83 84 85 89 98
3 4 19 20 21 25 26 33 35 55 65 74 75 76 83 84 95 99
0 1 4 7 16 17 31 42 47 49 52 60 61 63 64 65 68 71 72 75 76 77 78 79 83 85 91 93 98 99
2 4 6 8 12 15 18 20 22 23 24 25 26 29 47 58 60 65 75 78 85 93 99
2 3 4 7 9 10 11 12 14 15 16 17 19 20 23 24 25 26 28 29 31 33 42 44 47 49 50 58 63 66 67 74 75 76 78 84 85 89 90 91 92 98
2 3 4 9 10 11 12 14 20 21 24 26 27 29 30 31 33 41 42 46 50 58 65 74 76 79 80 81 84 86 89 91
4 7 9 65 80 83 91
0 4 7 9 11 15 28 31 33 50 51 58 59 60 61 65 76 79 83 85 91
2 4 6 7 9 10 12 14 15 16 19 20 21 23 24 25 26 29 30 31 33 38 39 50 52 63 72 74 80 81 88 91 92 97 98
7 9 21 28 30 33 35 42 44 50 63 83 98 99
3 4 9 10 14 15 16 17 19 20 21 22 23 24 25 26 27 28 29 31 33 34 35 40 42 44 47 49 50 59 60 65 75 78 79 84 85 91 97 98
2 3 9 11 12 14 20 21 24 25 26 28 29 35 36 42 44 45 55 57 58 65 72 74 78 79 83 84 85 98 99
2 3 4 7 8 9 10 11 12 13 14 15 16 17 19 20 21 24 25 26 28 31 32 38 39 42 46 47 49 50 51 60 65 71 72 77 80 89 91 92 93 97 99
2 3 7 10 11 12 16 17 19 24 25 28 29 30 31 32 33 35 42 44 45 49 50 52 58 59 60 61 63 72 79 80 81 84 85 89 91 97
1 2 3 6 10 11 14 16 17 29 31 33 40 44 47 55 63 64 65 70 75 76 77 78 79 80 81 82 84 90 91 99 100
6 7 8 10 16 17 19 24 33 47 81 85 90 91
4 7 16 17 31 49 50 53 54 61 63 65 66 68 69 70 72 74 75 82 83 95 96
3 4 6 8 9 10 11 12 14 16 17 19 20 21 22 23 24 25 26 27 28 29 35 36 40 41 42 44 45 46 47 48 50 52 53 54 58 65 67 70 74 75 77 78 79 80 84 85 86 87 89 91 96 99
0 3 4 6 8 10 11 12 14 17 20 21 23 24 28 29 31 33 36 37 42 45 46 47 50 52 55 56 57 58 65 66 67 71 72 74 77 79 80 81 84 85 86 89 91 96 97 98 99
2 3 12 16 19 21 23 25 26 29 35 50 63 67 74 76 79 82 83 85 91
15 31 32 75 76 78 80 81 83
0 1 6 7 8 14 15 16 20 23 24 26 28 33 43 46 48 49 50 54 55 58 63 68 69 70 74 75 76 77 78 79 80 81 82 84 85 91 95
3 4 6 7 9 10 11 12 14 17 18 19 25 26 28 32 33 35 42 45 46 50 55 60 61 65 76 79 80 82 84 85 89 92 98 99
3 4 7 9 23 29 31 33 42 46 50 63 64 74 75 76 78 79 80 81 82 84 86 89
1 3 4 6 7 8 10 11 12 17 21 24 25 29 35 45 46 47 51 54 60 61 65 68 69 75 76 78 79 83 85 87 91 92 97
3 4 6 8 10 11 12 14 15 16 17 19 20 23 24 25 26 27 28 29 35 42 44 45 46 47 50 55 65 70 75 80 81 84 85 87 89 91 95 99
0 8 9 16 17 29 31 33 36 61 62 65 74 75 78 79 80 81 82 85 99
2 4 11 14 16 19 20 21 24 25 26 33 46 47 50 55 63 67 70 73 74 75 76 78 79 80 84 85 89 98
0 2 3 8 10 11 16 17 19 24 27 31 36 37 42 46 47 49 50 53 57 58 63 68 74 75 78 80 81 91 93 95 96 97 99
0 2 3 4 6 7 8 10 11 12 14 15 17 24 25 28 29 35 36 37 42 44 45 49 50 52 54 56 57 58 60 61 65 68 69 75 77 78 80 83 93 97
0 1 3 4 8 9 10 11 12 14 15 16 17 19 20 24 26 28 29 35 36 41 42 47 50 52 57 58 60 61 62 65 68 69 77 79 80 81 84 85 87 89 90 92 93 95 98 99
1 2 3 4 6 8 9 10 11 12 14 16 17 18 19 20 21 23 24 25 26 28 35 40 42 44 46 47 60 61 65 72 74 75 78 79 84 85 99
2 4 9 10 11 12 14 17 18 19 20 22 25 26 28 35 40 41 42 44 46 47 60 61 72 74 76 79 85 99
0 7 9 10 11 13 14 24 28 29 31 33 42 43 44 45 50 56 60 63 74 76 83 91 98
0 4 7 9 10 11 14 15 24 28 31 33 42 43 44 45 50 60 63 74 83 91 98
2 4 7 10 11 12 14 16 17 19 20 21 24 25 26 28 31 33 36 38 42 44 46 47 48 55 60 61 63 65 70 75 78 79 84 85 87 91 100
3 6 10 14 16 19 20 21 24 32 33 36 37 44 45 47 48 50 52 54 58 63 65 69 74 75 77 79 80 81 84 85 91 99
2 3 4 9 11 14 21 24 25 26 28 31 33 42 59 60 61 76 83 85 90 91 93 98 99
10 11 12 14 16 17 19 20 24 25 31 42 46 47 57 65 72 75 79 80 85 91 96 99
2 4 6 7 9 11 12 16 17 18 19 20 21 22 23 26 29 33 35 36 42 43 44 45 47 50 72 74 79 84 85 89 90 91 98 99
3 4 9 11 12 14 17 19 20 21 23 24 25 26 28 31 33 35 36 42 65 66 67 70 75 76 78 84 85 98 99
12 16 17 24 25 26 27 29 31 35 36 42 43 56 57 58 61 62 83 84 85 95
2 3 6 9 11 14 16 17 19 20 21 22 23 25 26 27 28 29 31 33 35 36 40 44 45 47 50 54 57 65 70 72 73 74 75 76 78 79 80 81 82 84 86 89 90 91 92 93 98 99
3 4 6 9 10 11 12 14 15 17 19 20 21 23 24 25 26 28 29 35 41 42 44 47 49 50 51 58 60 61 67 74 84 85 91 98 99
2 6 9 16 18 19 20 21 24 25 26 29 35 42 44 45 50 65 74 78 79 84 85 91 93 98 99
2 5 6 7 8 10 11 14 16 17 21 29 35 36 37 42 44 45 46 47 49 50 57 58 63 64 66 74 75 76 78 80 81 82 89 91 98
2 3 8 10 11 12 13 14 15 16 17 19 20 23 24 25 26 28 29 31 33 35 36 37 42 46 47 49 50 52 55 57 63 67 68 69 70 72 74 75 77 78 79 80 84 85 89 90 91 93 94 97 98 99 100
4 9 21 35 65 83
4 7 9 10 11 12 15 17 21 24 26 28 29 31 36 37 40 45 49 50 53 55 60 65 70 71 72 75 76 77 78 83 84 85 99
3 7 9 10 19 24 25 26 31 44 47 65 75 76 78 79 83 85 90 99
2 3 6 8 10 12 13 14 15 16 17 19 20 21 24 25 26 27 29 31 33 35 36 37 39 40 43 44 45 46 47 50 63 64 65 74 75 76 78 79 84 85 91 97 98 99
4 7 10 11 12 15 16 17 18 21 27 28 29 32 35 40 44 45 46 47 53 56 57 58 65 68 70 72 76 77 79 83 85 91 92 97 98 99
0 29 46 65 76 83 99
6 7 15 29 44 50 52 57 58 65 72 76 77 83
5 8 9 11 16 20 25 26 31 42 58 63 64 65 74 75 78 79 83 85 99
8 17 19 24 79 83
3 4 7 9 10 12 14 16 20 21 23 24 25 26 29 31 32 33 41 44 45 46 55 57 63 64 74 75 76 78 79 80 81 82 84 98
2 3 6 9 10 11 12 14 20 21 25 28 33 36 42 44 50 57 58 63 64 65 74 75 76 78 83 84 85 98 99
2 3 4 9 11 14 22 28 29 31 32 33 35 42 50 56 58 63 64 72 74 75 83 84 85
0 3 4 7 8 10 11 16 20 24 29 31 40 46 50 63 64 65 67 73 74 75 76 78 79 84 85 89
3 4 9 28 35 59 60 61 63 64 76 83 85 90 91
3 7 9 10 14 16 17 18 19 20 21 23 24 26 35 44 46 47 50 60 62 72 75 76 80 81 82 89 91 99
2 6 9 12 15 20 27 28 29 35 36 41 43 44 45 47 51 55 58 63 72 74 75 78 79 83 84 85
2 4 7 9 11 12 21 26 28 31 33 42 58 66 83 85
2 16 18 22 23 32 34 35 43 46 47 48 49 57 58 74 75 76 78 79 80 81 82 84 89 91 98
0 2 5 6 7 8 9 10 11 12 14 15 16 17 18 19 20 21 23 24 25 26 27 28 29 30 31 32 33 34 36 37 40 41 42 43 44 45 47 54 55 57 61 63 64 68 70 71 72 74 75 76 77 78 79 80 81 89 91 95 98
2 3 4 6 9 12 14 16 20 21 23 24 25 26 33 42 44 50 64 65 70 72 74 75 76 78 80 82 85 91 98 99
3 4 7 8 10 12 14 15 17 20 21 24 26 28 31 33 37 40 42 43 44 47 48 51 54 55 65 70 74 75 76 78 79 83 84 85 98
2 4 12 14 16 17 19 20 21 23 24 25 26 31 33 41 44 47 48 50 57 62 63 65 70 74 75 77 78 79 80 84 85 87 91 95 97
3 4 9 16 19 20 21 22 23 25 26 31 33 40 44 47 74 75 78 79 84 85
2 3 6 10 12 14 23 24 28 29 35 42 44 45 56 57 58 60 63 83 91
2 10 14 20 21 28 35 36 37 42 44 80 83
0 2 3 4 7 8 9 10 11 12 14 15 17 19 20 21 22 23 24 25 27 28 29 31 33 36 37 38 39 40 41 42 44 45 46 47 48 49 53 54 60 61 70 71 72 76 77 79 80 84 85 87 90 93 97
16 17 19 20 21 24 25 26 27 29 31 33 36 37 41 42 47 60 65 70 72 75 76 78 79 84 85 89 91 99
4 6 8 16 17 19 20 21 24 25 26 29 31 33 36 37 42 47 58 65 75 76 78 79 84 85 91 99
1 6 10 14 15 16 17 19 20 21 24 25 26 31 33 34 35 44 47 55 58 63 64 66 68 74 75 76 77 80 81 82 84 85 91
4 9 21 32 35 65 76 78 83 99
0 4 6 7 8 10 15 16 17 18 24 26 27 28 29 30 31 32 33 34 36 37 40 46 47 49 50 55 62 65 68 69 71 72 73 74 75 76 77 78 79 80 81 84 85 86 87 89 91 97 98
4 7 8 9 10 11 16 17 19 21 25 28 30 31 33 42 44 45 49 59 60 61 72 80 83
2 6 7 8 10 12 16 17 22 35 44 45 46 47 50 63 72 76 83
0 1 2 3 8 10 13 14 25 28 29 35 38 42 45 46 49 50 53 54 68 69 72 80 87 93 94 95 96 97
2 4 6 7 8 9 10 11 12 14 15 16 17 18 19 24 25 26 27 28 33 42 50 63 67 74 75 78 79 80 81 82 84 85 88 89 91
2 9 20 25 28 31 60 63 76 83 98
2 5 6 7 11 14 15 19 20 21 22 23 26 27 28 29 33 35 36 37 43 44 45 46 47 49 50 55 57 58 59 63 66 67 72 74 75 76 78 80 81 82 84 89
4 6 9 10 11 12 14 20 21 23 24 26 28 31 33 36 41 42 44 45 47 65 66 67 75 76 78 79 83 84 85 99
0 2 4 6 7 8 9 10 11 12 13 14 15 17 23 25 28 35 38 42 45 46 60 61 63 69 70 76 80 83 84 91 93 98
2 3 4 6 7 9 10 11 12 14 15 16 17 19 20 21 22 25 31 32 33 37 42 47 50 59 60 61 79 85 91 92 98
2 3 5 8 10 11 14 16 17 19 20 21 23 24 26 27 29 33 35 38 46 47 50 52 55 57 58 63 64 65 66 67 72 74 75 76 78 79 80 81 85 97 99
0 2 5 6 8 10 11 14 16 17 19 21 22 23 24 26 27 29 34 35 40 41 45 46 47 50 52 55 57 58 59 60 61 63 64 65 66 67 69 71 72 74 75 76 78 79 80 81 84 85 86 87 96 97 98 99
3 7 9 12 23 26 31 55 63 74 75 76 78 81 82 84
6 7 9 10 14 29 35 44 45 49 57 58 60 63 76 83 91 97
2 3 7 8 10 11 16 17 21 24 25 33 35 42 46 50 55 63 65 72 74 75 76 79 85 91 93 99
2 3 4 9 12 20 29 30 31 33 56 57 58 63 72 76 83 84 91 98
2 3 7 17 29 33 35 42 60 63 83 93
2 3 9 14 20 26 32 35 49 52 60 63 75 78 83 84 86 95
0 4 6 8 9 10 12 16 17 19 24 25 26 28 31 47 74 75 76 78 80 81 84 85 89 91 99
0 3 4 12 15 31 33 45 50 51 63 75 78 79 82 83
2 4 7 8 9 15 17 23 25 29 35 42 44 45 51 53 60 69 70 75 76 80 83 84 91 93 95 98
2 3 4 6 8 9 10 11 12 14 15 17 20 21 24 28 29 31 33 36 37 42 47 50 55 56 57 58 65 71 74 79 80 81 84 89 91
1 2 17 19 20 35 47 49 80 87 96
6 7 8 9 10 11 12 14 15 16 17 19 20 24 25 26 27 28 33 47 60 63 64 75 76 78 79 84 85 89 91 99
2 3 4 6 7 9 11 16 17 21 27 30 31 32 33 39 50 60 63 74 75 77 78 79 80 83 85 98 99
4 15 19 20 21 28 31 33 35 42 65 68 75 76 78 79 80 81 82 85
3 4 9 10 11 12 14 21 25 29 32 35 36 37 42 57 58 63 64 65 75 76 78 83 98
0 6 7 8 11 15 16 18 19 22 23 26 35 44 46 47 49 55 62 63 64 65 69 72 74 76 77 79 80 81 84 85 86 87 88 89 91 96 98
0 2 4 6 7 8 9 10 11 12 13 14 15 17 20 21 23 24 28 29 33 35 36 37 40 41 42 44 45 47 50 51 65 75 76 78 93 98 99
0 1 4 8 16 17 20 21 23 25 26 31 47 65 71 74 75 76 77 78 79 80 85 87 90 99
4 7 29 30 31 33 58 65 76 83 93
0 3 4 7 9 10 14 24 25 28 35 42 50 58 63 83 91
6 7 15 16 18 25 27 29 30 33 35 36 44 45 46 47 51 52 54 58 61 62 64 65 68 72 75 77 78 80 81 84 85 87 89 90 91 95 98
7 12 20 21 47 65 75 76 78 79 83 99
0 2 3 4 9 11 12 14 19 20 21 22 23 24 25 26 27 28 29 31 32 33 35 38 42 44 47 50 52 54 57 58 60 61 63 65 68 77 80 81 85 90 91 99
2 4 6 7 8 10 11 12 14 17 20 24 25 29 33 35 36 37 38 44 45 46 49 50 51 52 57 58 60 61 63 64 68 69 77 80 87 89 90 91 92 97
3 7 16 19 24 29 42 45 58 65 74 76 80 83 93
2 3 4 7 9 11 14 17 21 23 24 28 35 42 45 50 76 80 83 93 98
2 3 4 6 9 10 11 12 14 19 20 21 22 23 24 25 26 28 29 35 36 37 42 43 44 45 49 50 61 65 74 75 78 79 80 81 82 84 89 91 97
1 2 4 7 8 12 13 15 23 29 31 33 36 37 47 49 50 51 53 58 60 61 65 76 77 80 81 83 84 91 93 95 96 97
0 2 4 7 8 10 12 15 17 21 29 31 33 50 60 65 76 83 84 96 97
3 4 6 7 8 9 10 11 12 14 17 21 22 24 28 30 32 35 36 42 44 45 65 72 80 83 91 97 98 99
0 2 3 7 8 9 11 14 15 16 17 18 19 20 21 22 23 24 25 26 35 36 37 40 41 46 47 48 51 52 57 60 63 66 67 70 72 75 76 79 80 85 89 90 91 93 99
0 1 2 3 4 6 8 9 11 15 16 17 19 20 22 23 24 25 26 27 35 36 37 40 41 47 48 49 50 51 53 55 60 63 66 67 68 70 72 75 76 79 80 85 89 90 91 92 97 98 99
2 7 9 15 28 31 36 44 54 58 63 64 74 76 78 83 85 93
5 6 7 8 9 11 12 14 16 19 24 25 28 29 35 42 45 50 52 58 63 75 76 77 78 79 80 81 82 85 89 90 91
11 12 16 17 27 29 32 35 36 40 41 60 61 65 79 83 84 85 96 98 99
2 3 20 21 22 25 31 33 42 65 74 83 85 89
0 1 2 3 4 8 9 10 11 12 14 16 17 20 24 25 26 27 28 29 30 31 42 44 45 46 47 49 50 51 53 55 57 58 61 62 63 64 72 74 75 76 77 79 80 81 84 88 89 90 91 92 96 97 98
0 2 4 7 8 9 10 11 12 14 16 17 19 20 21 24 25 26 28 31 33 35 38 39 41 42 46 47 50 60 65 68 69 72 74 77 80 81 82 88 91 94 98 99 100
3 4 7 10 15 24 29 32 35 38 45 50 54 65 80 81 82 83 98
3 4 10 24 27 29 32 35 45 65 76 80 82 97
2 4 7 9 11 17 21 25 26 34 35 39 41 42 44 46 49 50 59 60 61 65 75 76 78 79 83 84 91 98
6 7 11 17 25 31 44 46 50 57 72 74 75 77 78 83 84 85 89 91 97
2 3 4 7 15 17 25 29 58 60 63 64 74 78 79 83
3 9 10 12 13 14 16 21 24 26 28 31 42 47 48 50 63 75 76 78 83 84 91 93 100
0 4 9 10 11 12 14 16 24 25 28 35 42 44 47 57 58 60 61 65 83 89
2 3 5 7 10 13 14 15 16 17 18 19 21 23 24 25 26 27 29 30 33 37 40 41 43 46 47 49 50 54 56 58 62 63 66 67 68 70 72 74 75 76 77 78 79 80 81 84 85 89 91 94 96 97 98 99 100
3 4 6 9 10 11 12 14 16 19 21 23 24 25 26 28 29 31 32 33 41 42 44 47 50 52 54 58 65 84 97 99
2 3 4 7 8 10 11 12 16 17 20 21 24 28 31 34 36 38 42 44 45 46 47 50 51 52 61 65 72 74 77 79 81 82 83 84 85 88 99
0 2 3 4 6 7 9 10 11 12 14 17 21 28 31 32 42 44 47 58 60 65 71 72 75 76 78 83 89 91 94 99
7 30 32 35 44 56 57 58 60 63 64 75 78 80 81 94
2 3 4 7 9 10 11 15 16 17 19 23 25 26 28 35 36 38 39 41 42 43 44 45 46 50 59 60 61 65 69 76 77 78 79 80 84 89 91 98 99
2 3 29 35 63 64 83 99
2 4 6 9 10 12 14 16 19 20 21 23 25 26 29 35 36 42 44 45 47 55 57 58 63 65 74 75 76 78 79 82 83 84 96 98
2 4 5 7 8 11 14 15 16 17 18 19 26 27 28 31 33 35 46 47 49 50 54 60 61 63 66 67 69 70 72 74 75 76 79 80 81 84 85 88 89 91 95 99
2 4 5 7 8 9 14 16 17 19 22 26 27 28 31 33 35 46 47 49 50 59 60 63 64 66 67 69 72 73 74 75 76 79 80 81 84 85 86 88 89 91 98 99 100
6 16 17 19 20 21 24 25 26 29 30 35 44 46 50 52 57 60 61 74 78 79 83 84 85 93
2 11 35 76 83 91
16 20 24 25 26 31 33 65 75 78 79 83 84 85 96
2 3 4 6 8 9 10 11 12 14 16 17 19 20 21 24 25 26 28 29 31 36 42 44 45 46 47 49 50 51 57 58 63 71 72 77 80 85 91 92 93 97 98 99
0 1 2 3 4 5 7 8 9 10 11 12 14 15 16 17 18 19 20 22 23 24 25 26 28 29 33 36 40 41 42 43 44 45 46 47 49 50 54 58 59 60 61 62 63 65 66 67 68 70 74 75 78 80 81 84 87 88 89 90 91 93 94 98 99
3 4 11 12 15 17 19 20 29 31 33 35 44 58 65 75 76 78 79 80 81 82
4 7 15 16 18 19 20 22 23 25 26 27 28 32 35 38 46 60 63 66 74 76 78 79 80 81 82 84 85 86 91 100
0 3 7 10 11 12 14 16 17 19 20 23 24 25 26 28 29 33 35 36 40 42 43 44 46 47 50 57 60 63 68 71 72 74 75 77 78 79 80 81 82 84 85 89 91 95 98 99
3 4 7 8 9 10 11 12 14 17 21 24 25 26 28 29 30 32 33 35 39 40 41 49 50 57 58 63 68 74 75 77 78 79 87 89 90 91 94 95 97 99
9 10 14 24 26 28 29 31 33 42 63 74 75 78 80 81 82 89
2 3 9 11 14 21 25 26 27 28 31 33 50 58 83 99
1 2 3 4 6 8 10 12 14 16 17 19 20 24 25 26 28 29 31 36 44 46 49 50 54 57 58 63 81 95 97 98 99
4 7 9 11 12 14 21 28 29 30 35 42 83 98
2 3 4 6 7 8 9 10 11 12 15 16 17 19 20 23 25 26 28 31 33 36 42 46 47 65 72 76 85 91 96 97 99
4 7 8 9 10 11 12 15 16 24 25 27 28 31 32 33 37 42 63 64 67 72 74 78 79 83 84 85 89 90 91 97 98 99
3 6 8 10 11 12 15 16 17 18 19 20 21 22 23 24 25 26 28 29 30 33 35 36 38 42 44 45 46 47 48 49 50 52 54 57 59 60 66 67 70 72 74 78 80 81 84 85 89 91 92 93 97 98 99 100
2 4 6 8 10 12 16 17 18 19 20 21 24 25 26 29 30 33 35 36 37 42 44 45 47 48 49 50 52 66 67 70 74 78 80 81 84 85 91 99
2 3 6 7 11 12 15 16 17 19 21 22 24 25 26 29 30 31 35 36 44 47 49 56 58 65 74 75 76 79 80 84 85 98
3 6 7 10 11 12 14 17 21 25 28 29 35 36 37 44 50 53 57 58 59 63 82 83 95
2 3 4 9 11 14 22 23 24 32 35 36 37 42 45 71 75 76 78 79 83 84 85 86
2 3 9 10 11 12 14 16 19 20 21 24 25 26 28 35 42 44 46 47 80 83 84 90
7 17 26 35 49 63 69 77 79 82 83 85 94
1 4 5 7 8 12 13 14 15 16 17 19 22 23 24 26 28 29 33 35 36 43 44 55 58 61 62 63 71 72 73 74 75 76 78 79 80 81 82 84 85 86 91
0 4 5 7 8 10 12 14 16 17 19 22 23 24 26 28 29 33 34 35 36 43 50 52 55 61 62 63 68 69 70 71 72 73 74 75 76 78 79 80 81 82 84 85 86 89 90 91 95 96 98 100
3 9 10 11 12 14 15 19 21 24 25 26 28 31 32 33 40 42 47 48 58 65 75 76 78 79 84 91
2 3 7 9 12 15 16 17 19 20 25 28 29 31 36 38 40 45 46 47 49 50 65 68 76 80 83 84 85 91 95 96 98
2 7 8 10 15 16 17 20 21 28 35 42 44 45 46 47 63 76 83 91 93 96 97
7 8 10 16 17 20 21 28 29 35 42 44 45 46 47 49 50 52 58 63 68 69 72 76 77 83 91
1 6 16 24 25 33 47 55 63 64 70 72 75 76 78 79 80 81 84 85
2 3 4 7 9 10 14 16 17 19 20 23 26 28 31 42 55 67 74 79 84 85
2 3 9 15 31 32 33 65 74 83 85 90
2 7 9 21 35 44 63 76 78 79 83 98
3 7 9 10 11 12 14 16 17 19 21 23 25 26 27 28 31 33 55 63 70 74 75 76 78 79 80 81 82 84 85 89
3 4 7 8 9 10 11 12 14 15 16 17 19 22 24 28 29 38 39 42 47 50 52 65 80 81 82 83 90 91 93
0 2 3 4 8 10 12 13 14 15 17 19 20 21 23 25 26 28 31 33 36 40 41 46 47 48 57 58 60 65 68 70 75 79 80 84 85 93
4 7 14 21 28 29 32 33 41 44 46 47 63 64 65 66 67 68 74 75 78 79 80 81 82 83 84 85 89 95
2 3 4 9 14 17 19 20 21 23 24 25 26 27 33 35 44 47 60 65 74 75 76 77 78 79 84 85 91 97 98 99
2 6 7 8 16 17 31 44 45 55 57 65 72 75 78 79 80 83 90 96
6 7 11 14 16 17 19 21 22 23 24 26 30 32 33 43 47 55 72 74 78 80 81 82 88 89 91
5 7 17 23 32 35 42 65 76 79 80 83 93
0 2 3 4 7 10 11 12 14 16 17 19 20 24 25 27 29 31 40 41 45 47 48 49 50 60 68 71 72 74 75 77 78 80 89 91 93 97
1 4 7 8 10 12 14 15 16 17 19 23 24 26 28 29 31 40 41 46 47 50 54 70 74 75 77 78 79 80 84 85 89 91 92 97 99 100
0 2 4 8 9 10 11 12 14 15 16 17 19 20 21 23 24 25 26 28 35 38 41 44 45 47 53 68 72 80 81 87 89 90 91 94 95 96 97 99
0 2 3 28 31 33 36 42 54 59 60 61 62 65 76 83 88 91
2 3 7 10 12 14 15 18 20 24 28 35 42 60 63 69 77 79 80 83 89 90 98 99
2 4 15 17 35 76 83 85 93
3 9 28 57 58 65 76 80 83
2 8 17 30 32 35 47 63 74 75 76 78 79 83 84 85 89 99
9 10 12 14 15 16 19 20 21 23 25 26 28 36 37 40 44 45 46 47 65 74 75 76 78 79 83 85
2 11 14 16 17 18 19 20 21 26 31 33 34 35 41 47 50 63 65 73 74 75 76 78 79 80 84 85 98 99
3 9 11 14 16 17 19 20 21 22 23 24 25 26 28 31 35 46 47 50 55 65 74 75 76 78 79 82 84 89
3 7 9 10 11 12 15 16 20 21 23 24 28 35 42 44 46 47 55 58 63 79 80 83 85 99
4 10 15 16 17 19 21 23 26 28 29 30 31 32 33 37 40 41 46 47 50 52 55 57 58 63 64 66 73 74 75 76 78 79 84 85 89 90 91 98 99
2 3 4 7 8 9 10 11 12 14 19 20 21 23 24 28 31 33 38 42 50 55 57 60 63 69 70 72 73 74 75 76 78 79 80 81 84 91 98 99
2 3 7 9 12 20 21 28 32 35 36 42 44 58 63 64 65 72 75 78 83
0 6 10 14 29 31 33 44 60 61 62 65 83
1 4 15 16 18 19 20 24 26 27 29 31 46 63 64 65 67 72 74 75 76 78 79 84 85 87 89 90 92 95 97
0 2 4 5 6 7 8 11 12 15 16 19 20 23 25 26 28 29 34 35 43 46 59 60 61 62 63 77 79 80 81 82 85 89 91 98 99
3 7 9 14 16 17 19 21 22 23 24 25 26 28 31 32 33 34 43 47 50 63 64 65 66 74 75 78 80 81 84 85 89 90 91
2 3 4 7 9 11 17 21 24 28 31 33 34 42 45 47 50 60 65 74 75 76 79 82 83 85 87 88 91 98
4 6 7 9 10 11 12 14 15 16 19 20 21 22 23 25 26 28 30 31 32 33 36 37 39 42 43 44 47 50 53 55 61 74 78 80 81 82 84 89 91
3 6 7 8 10 11 12 16 17 19 20 23 24 25 28 33 35 40 43 47 55 63 64 72 74 75 78 79 80 81 82 84 85 89 95 99
0 4 7 9 10 17 32 42 63 68 71 83
2 3 9 10 11 12 14 15 16 17 19 20 21 23 24 25 26 27 28 29 31 33 35 42 44 46 47 50 56 59 60 65 66 67 74 75 76 78 79 80 84 85 89 91 98 99 100
1 2 3 4 6 9 10 12 14 16 17 19 20 24 25 26 28 29 31 40 42 45 47 50 56 57 58 65 77 79 84 89 91 98 99
0 2 4 15 17 22 23 24 35 44 45 47 49 50 52 53 54 57 68 69 77 80 81 83 85 87 95 97 99
1 2 3 7 10 12 14 28 29 32 35 47 50 57 58 73 76 77 83 87 89 91 97
2 10 11 12 20 26 35 60 74 75 76 78 79 85 98 99
2 33 35 44 52 58 60 61 65 74 78 79 83 84 85 98
5 8 9 12 15 16 18 19 21 24 25 26 28 29 31 42 44 46 57 58 63 65 72 74 78 79 83 89 99
3 9 10 11 12 14 15 16 17 18 19 20 21 24 25 26 28 31 33 42 44 47 50 65 74 76 78 80 83 84 85 89 91
3 6 9 10 11 12 14 16 19 20 21 23 26 29 31 33 36 40 42 44 45 46 50 56 57 58 65 74 76 84 99
2 3 6 9 10 11 14 15 19 21 22 23 24 25 26 29 36 37 42 44 45 46 47 50 55 65 73 74 75 78 79 83 85 89 91 99 100
0 25 31 33 63 64 74 80 81 82 84 91
1 4 9 10 14 19 20 24 31 33 45 63 82 83 95
4 16 17 19 24 29 33 35 47 58 65 70 74 75 76 78 79 84 99
0 2 3 4 7 8 10 12 14 16 17 19 20 22 23 24 25 26 27 28 29 33 35 36 37 40 43 46 47 50 51 52 54 57 62 65 68 69 75 77 79 80 81 82 84 87 90 91 93 94 95 97 98
3 4 7 9 11 12 14 16 19 20 21 24 25 26 28 29 35 36 44 50 52 60 64 65 70 75 76 78 79 80 81 83 98
0 5 7 8 10 33 35 44 45 47 63 75 80 81 82 84 91
0 4 6 8 10 13 16 17 19 20 24 25 31 38 45 47 50 51 52 65 69 74 75 78 79 80 85 87 97 99
6 29 31 33 44 45 52 54 57 58 59 60 61 65 83
6 7 14 17 29 30 31 33 44 45 50 57 58 59 60 61 65 83 97
4 7 10 11 14 16 17 19 20 23 25 30 31 35 38 39 40 42 44 45 46 47 49 50 56 58 63 65 67 70 74 75 76 77 78 79 80 81 84 85 88 89 91 93 94 95 99 100
7 9 11 14 15 16 17 18 19 20 21 22 23 24 25 26 27 30 31 33 35 38 40 41 42 46 47 49 60 63 65 67 70 74 75 76 77 78 79 80 81 84 85 88 89 91 98 99 100
0 4 6 8 9 10 11 12 14 16 18 19 24 25 26 29 31 36 42 44 45 46 47 50 65 74 75 78 79 80 84 85 87 89 91 92 95 98 99
2 3 4 7 9 10 11 12 16 17 19 21 24 25 31 33 42 50 60 63 69 71 72 74 75 76 78 79 80 81 82 84 89 91 97 98
2 3 4 6 7 9 11 12 15 25 31 33 35 42 44 60 63 64 83
3 6 8 11 14 16 17 18 19 23 24 29 32 34 35 42 43 46 47 55 70 72 74 75 76 78 79 80 81 82 84 85 88 89 90 91 94 99 100
2 4 7 9 10 12 16 19 20 25 31 33 42 46 47 48 76 78 83 84 85 99
2 4 7 9 10 11 12 15 17 21 23 26 28 31 44 45 46 47 50 53 55 58 60 61 65 70 72 75 76 78 80 83 85 99
0 2 3 4 6 7 8 9 10 11 12 14 17 20 21 24 28 29 35 36 37 40 41 42 44 45 46 47 50 51 65 76 78 97 98 99
10 14 15 16 19 20 21 23 24 26 28 29 35 36 37 40 44 45 46 57 58 60 75 78 80 81 83 99
2 8 10 12 15 16 19 20 24 25 29 31 33 35 37 40 48 74 75 76 78 84 85 91 98 99
3 5 9 11 12 14 19 20 22 24 29 33 40 41 42 45 47 58 65 79 83 84 85
0 1 3 6 10 12 24 25 28 29 31 36 37 42 49 50 51 52 53 54 56 57 58 60 61 62 65 69 77 78 80 91 94 95 96 98
5 16 19 20 21 23 26 29 33 36 41 43 47 65 73 74 75 76 78 84 94 99
5 7 16 19 20 22 23 26 28 29 33 41 43 47 50 58 65 73 74 75 76 78 80 84 89 99
2 3 9 11 12 16 20 25 26 28 31 33 35 50 65 75 77 78 79 83 85 91
3 8 10 12 17 19 24 31 35 40 42 50 54 57 58 65 75 78 79 83 85 93 99
0 2 4 16 17 19 20 21 24 25 26 30 33 35 47 54 60 65 67 79 81 82 89 98 99
2 3 4 6 9 10 14 16 20 22 24 25 28 33 37 40 42 44 45 47 49 50 55 63 64 68 72 74 75 76 78 79 83 85 98 99
2 7 8 10 11 15 16 17 18 19 20 24 26 28 31 33 36 42 47 57 75 77 83 84 85 89 99
3 4 6 7 8 9 20 22 25 26 28 29 35 39 44 47 49 50 53 63 64 68 69 77 79 80 81 82 83 85 91 93 95 97 98
4 7 11 14 16 18 19 21 23 26 28 31 35 40 44 47 50 63 74 75 76 78 80 81 82 84 85 91 98
0 2 3 4 15 16 19 20 21 23 25 26 28 31 33 38 41 42 47 65 74 75 78 80 81 82 84 85 89 92 93 96 97
3 9 10 12 14 18 19 20 21 22 24 28 29 35 41 42 43 44 45 46 60 75 76 80 81 82 89 91 99
2 9 11 14 16 19 20 21 23 24 25 26 28 31 41 42 50 57 65 74 79 83 85 91 97 99
0 1 4 6 7 9 10 11 12 14 15 17 19 20 24 25 26 28 29 33 35 36 37 40 42 44 45 47 50 51 57 58 60 65 77 80 83 89 90 91 98
1 3 5 8 9 10 11 12 14 16 17 18 19 23 24 25 26 28 35 44 45 47 50 55 62 63 64 65 69 74 75 77 78 79 80 81 87 89 91 98 99
2 3 4 6 9 14 16 17 19 20 21 23 26 29 35 36 40 42 44 45 47 50 57 58 74 80 83 84 85 86 92 98 99
9 14 20 25 31 33 58 79 80 83 91
0 2 3 4 6 7 8 10 12 15 16 17 19 24 26 29 31 33 34 36 44 46 47 55 58 63 64 67 74 75 78 79 80 81 82 84 85 86 89 91 98 100
2 8 9 10 11 12 15 17 19 20 21 22 25 26 28 31 44 45 46 47 67 70 84 85 89 90 91 98 99
2 3 4 7 9 11 14 15 16 17 19 20 21 24 25 26 28 31 33 34 35 42 44 46 47 48 61 72 74 80 81 84 85 90 91 93 97 98 99
1 2 4 6 7 8 11 15 17 18 19 20 21 25 26 29 33 35 36 42 44 45 46 47 48 49 50 58 62 70 80 81 84 85 89 90 91 94 97 98 99 100
2 6 7 9 12 15 19 21 25 28 29 31 32 33 35 42 44 46 50 51 57 58 59 60 61 79 83 85 89 91 92 98 99
2 6 11 14 24 31 35 44 59 60 61 76 80 81 83
4 8 10 11 12 15 16 17 19 20 21 24 25 28 31 32 33 39 42 63 65 76 79 83 84 85 89 91 99
0 3 7 9 11 14 28 31 33 35 42 44 45 49 50 60 77 80 83 99
3 7 11 12 16 24 29 31 33 42 47 50 58 65 73 76 83 84 98
2 3 5 10 11 12 14 15 16 21 25 26 35 42 47 59 60 61 62 65 79 83 91
2 6 7 10 11 16 19 20 21 23 24 25 26 29 33 35 42 43 47 50 56 58 65 74 75 79 80 83 84 85 89 91 98 99
7 9 15 16 19 30 31 32 33 36 42 50 52 63 70 74 75 76 78 80 82 84 85 91 96 97 98
4 7 12 28 31 33 43 44 47 63 66 67 70 74 75 76 78 79 81 82 83 84 99
2 26 29 45 65 75 76 78 79 83 85 96 98 99
2 7 8 10 11 12 21 29 32 35 42 45 46 47 58 60 61 65 74 75 79 80 83 91 93
0 5 7 8 11 29 35 36 37 43 63 77 80 81 82 89 91 93 99
2 3 4 7 8 10 12 15 17 19 20 21 22 23 26 35 44 45 46 47 49 57 58 60 61 65 70 72 74 75 76 77 80 83 84 85 90 93 94 99 100
3 8 10 12 15 17 19 20 21 22 26 29 35 36 44 60 61 65 67 70 72 74 75 76 80 83 84 90 98 99
3 6 8 9 10 11 12 14 16 17 18 23 24 25 28 29 31 36 37 42 44 45 47 49 50 52 55 57 58 65 68 69 72 74 75 76 77 78 79 80 81 82 84 89 91 99
0 6 7 12 15 28 29 31 36 44 45 50 51 56 58 60 65 72 76 79 83 91 96 98
3 8 12 15 35 42 72 76 79 80 83 97
3 9 10 11 12 14 21 24 29 32 35 42 44 57 58 63 64 68 74 79 80 83 84 85 90 98
1 4 7 14 15 16 19 20 21 22 24 26 27 28 31 33 35 41 46 50 53 60 63 64 74 83 91 95 98 99
2 3 9 11 29 31 33 36 44 45 57 58 65 74 83 85 91
2 4 6 7 9 11 14 15 19 20 21 22 23 24 25 26 28 35 36 38 41 42 44 46 47 50 52 56 65 69 74 75 77 78 80 85 89 91 97 98 99
2 3 5 6 10 14 16 19 20 23 24 26 35 36 44 47 50 58 63 65 73 74 75 78 79 80 81 84
2 7 8 11 23 29 31 33 44 47 51 65 83 84 85 91 95
0 2 3 4 5 6 7 8 10 11 12 14 16 17 18 19 20 21 23 24 25 26 27 29 30 31 32 33 34 36 37 40 41 42 43 44 45 46 47 50 53 54 55 58 60 61 63 64 68 69 70 71 72 74 75 77 78 80 81 82 88 89 91 92 98
7 11 19 20 24 26 35 42 49 50 83 93 98
2 3 4 8 9 11 14 15 16 17 18 20 21 26 27 28 31 42 44 47 48 49 53 59 60 63 75 76 78 83 84 85 89 90 92 93 95 99
2 3 4 8 12 15 19 20 24 25 28 29 32 35 44 50 58 63 64 71 72 79 80 81 84 90 91 98
2 7 25 29 35 47 50 58 65 74 76 79 80 83 85 99
0 7 12 15 20 25 32 35 42 44 50 51 63 80 83
0 1 3 4 6 8 9 10 11 12 14 15 16 17 19 20 21 23 25 26 27 28 29 31 33 34 40 42 46 47 48 50 54 58 60 63 64 68 71 72 74 75 76 78 79 80 81 82 84 85 87 88 89 91 99
2 3 9 10 12 14 23 25 26 31 33 50 51 58 63 65 74 75 78 79 83 98 99
3 7 9 12 17 21 28 29 31 33 44 47 49 50 57 60 65 69 72 76 80 84 91 98
3 9 10 11 12 14 16 19 20 21 24 25 26 28 29 31 36 42 47 50 52 57 61 65 72 74 75 76 78 79 84 85 98 99
2 3 7 9 10 11 12 14 19 20 21 23 24 25 26 28 31 32 40 41 42 44 46 60 65 74 75 76 77 78 79 80 84 85 89 90 91
3 28 29 31 33 44 50 58 63 64 76 83 98
2 6 7 8 12 14 15 24 25 31 42 54 68 75 76 83 84 85 94 99
0 2 6 7 9 11 29 36 37 44 45 49 57 58 60 65 83 87
29 31 32 33 60 65 76 83 99
2 3 7 9 10 21 29 32 42 45 56 58 59 60 61 62 83 96
1 2 3 4 6 7 8 10 12 14 15 17 19 21 22 23 24 25 26 28 29 31 33 36 37 38 40 41 44 45 46 47 49 50 52 63 65 72 73 75 77 78 79 80 90 91 96 98
0 2 5 6 7 8 11 13 14 15 16 17 19 20 21 22 23 26 27 28 29 33 35 36 43 44 45 46 47 49 50 54 55 57 58 63 64 66 67 68 72 74 75 77 78 80 81 82 84 86 87 89 90 91 93 95 97 98
4 6 7 8 10 16 17 21 29 35 42 44 45 50 57 58 60 63 64 68 69 76 80 83 85 87 93 97
2 3 4 7 8 10 11 16 17 19 21 24 25 29 35 42 50 63 64 74 76 77 79 83 85 91 93
2 4 6 7 8 9 10 12 15 16 17 20 21 28 29 33 35 36 42 44 45 50 52 57 58 69 83 97
6 9 12 29 32 44 45 49 57 58 74 75 78 81 82 83 98
2 7 8 10 12 16 17 19 20 21 24 25 27 29 33 40 46 50 65 72 74 75 78 79 80 84 85 86 91 99 100
2 3 4 7 9 12 13 14 21 22 24 27 28 31 33 39 40 41 42 46 47 50 59 60 61 68 72 76 77 79 83 84
3 4 7 9 10 11 12 14 15 16 18 19 20 21 24 25 26 28 31 33 34 35 36 42 44 45 47 48 65 74 76 79 80 81 84 91 98
2 3 7 9 10 11 12 13 14 15 17 19 20 21 23 24 25 26 28 31 32 33 40 42 44 47 49 64 65 67 71 72 74 76 78 79 84 89 97
16 19 20 21 24 25 26 31 33 47 65 75 78 79 83 84 85 92
2 9 11 14 17 19 20 21 22 23 24 25 26 27 28 29 30 32 35 36 37 47 55 65 66 72 73 74 75 76 78 81 82 84 89 99
3 11 14 21 28 29 30 35 50 59 60 61 62 75 76 78 80 83 84 94
2 4 7 9 11 16 17 19 20 21 23 25 26 35 36 39 42 44 46 47 48 50 53 60 63 66 67 69 70 74 75 76 77 78 80 81 84 85 89 90 91 92 97 98 99
2 3 4 6 7 9 10 11 12 14 15 17 20 21 25 26 28 29 31 33 42 45 46 47 50 55 65 73 75 76 79 80 85 99
25 29 42 49 50 57 58 63 76 83 91 99
0 4 31 33 43 60 63 65 72 74 83 96
2 3 4 6 10 11 12 14 15 16 19 20 21 23 25 26 27 28 33 35 42 43 45 46 47 50 61 62 63 65 72 74 75 84 85 93 98
2 3 8 9 10 11 12 14 17 24 25 27 28 31 42 46 47 49 60 64 65 70 74 78 80 83 84 91
3 4 7 8 9 10 11 12 17 19 28 29 31 33 42 45 46 51 79 83 91 96
1 3 7 8 9 10 11 12 14 25 33 43 45 50 65 72 74 75 77 83 84 85 89 91 93
2 3 4 7 10 11 12 13 14 15 16 17 19 20 21 24 25 26 27 28 29 30 33 35 39 49 50 54 65 66 67 70 72 77 82 88 89 90 97 98 99
11 14 16 19 20 23 28 35 44 55 58 63 66 74 78 79 80 84 99
2 3 12 14 15 16 19 20 21 23 24 25 26 31 33 35 42 47 65 67 75 78 79 83 84 85 91 99
1 3 4 6 10 12 13 14 15 16 17 19 20 21 24 25 26 28 29 31 32 33 42 44 45 46 47 49 50 51 52 53 60 63 64 65 68 74 75 76 78 80 81 84 85 89 90 91 95 98
6 7 10 11 14 16 17 19 20 24 25 29 31 33 42 44 45 47 50 55 65 74 75 76 78 79 81 84 85 91 93 99
0 2 3 4 7 9 10 12 14 28 30 33 35 42 50 58 63 64 83 99
0 7 9 11 12 14 17 21 31 33 42 45 63 72 75 78 79 82 83 85 91
2 3 4 7 8 9 10 11 12 14 15 17 20 21 22 23 24 25 26 27 28 30 31 33 35 39 41 42 44 45 47 50 53 54 59 60 63 70 71 72 74 76 78 80 81 82 84 88 89 91 97 98 99
2 3 4 7 9 10 11 12 14 15 17 20 21 22 23 24 25 26 28 30 31 33 35 42 44 45 47 50 60 61 63 69 71 72 74 76 78 80 81 82 84 89 90 91 98 99
4 9 16 25 31 44 72 74 77 78 83 98
2 4 6 7 8 10 11 15 16 17 19 20 21 23 25 26 30 33 35 36 44 45 50 60 67 75 77 84 85 89 91 94 98 99
7 8 29 35 59 80 83
3 4 9 11 12 21 24 25 28 31 47 52 63 74 78 79 80 83 89 90
2 3 6 8 9 16 17 18 19 20 21 22 23 25 26 27 29 32 33 42 45 46 47 49 50 51 53 65 69 70 74 75 77 78 80 82 85 89 91 97 99
2 3 6 8 9 10 15 16 17 19 20 21 22 23 25 26 27 32 33 36 37 44 46 47 49 50 52 70 74 75 78 80 82 85 97 99
1 2 3 13 16 17 19 20 21 26 29 36 40 41 42 44 49 50 53 57 59 60 65 68 72 73 74 76 79 80 83 84 87 89 91 96 97 98
3 8 9 10 11 16 19 20 26 28 29 40 42 45 65 72 74 76 79 80 83 84 90 91
4 7 9 21 26 35 44 63 76 79 83 91 98
2 9 25 26 28 35 60 65 74 76 79 83 84 85
2 3 4 6 10 11 12 14 15 16 17 19 20 21 25 26 27 28 29 31 33 35 36 42 43 44 45 46 47 50 63 74 78 84 89 90 91 93 94 99
2 6 14 15 23 28 29 35 36 40 41 44 45 57 58 63 68 74 76 80 81 82 83 89
