0 1 2 4 5 6 7 8 9 10 11 12 13 14 16 17 19 20 22 23 24 25 26 27 31 34 35 36
2 3 6 7 17 19 20 22 27 30 32
0 1 2 8 9 10 11 12 13 14 16 17 19 20 21 23 24 26 27 29 31 34 35
0 2 4 6 7 8 10 12 13 14 16 19 20 21 23 24 25 26 27 29 31 34 35
0 1 2 3 5 6 9 10 11 12 14 15 16 19 20 21 22 24 25 27 28 29 30 31 32 34 35 36
4 7 8 12 13 14 15 16 19 20 21 25 26 28 30 31 33 35
2 3 4 6 7 10 13 18 19 20 22 23 25 26 27 28 29 30 31 32 33 36
1 2 4 5 6 7 8 9 11 12 13 14 15 16 17 18 19 22 23 24 25 26 29 31 32 34 36
7 8 12 19 20 21 22 26 29 31 33
2 4 19 20 22 24 25 27 28 29 30 32 33 34 36
0 1 2 3 5 6 7 8 9 10 11 12 13 14 15 16 18 19 23 24 25 30 32
1 5 6 7 8 9 10 11 13 14 15 16 17 21 22 23 24 25 26 27 28 29 30 34 35 36
0 1 2 3 4 5 6 7 8 10 11 12 13 14 16 17 18 19 20 22 23 25 26 27 28 29 30 33 35 36
11 12 13 15 16 17 21 27 28 29 30 31 32
1 2 3 4 6 7 11 13 15 17 21 26 27 29 30 31 33 34 35
1 2 11 12 13 15 16 20 21 26 27 28 29 33 34
2 3 9 10 19 22 24 26 28 29 30 31 33 35 36
0 2 7 12 14 15 16 18 24 26 28 30 35
0 1 2 3 4 5 6 7 8 9 10 11 12 14 15 16 17 18 19 20 22 23 24 25 27 28 29 30 34 35 36
0 1 2 4 5 6 7 8 12 13 14 16 18 19 20 22 25 26 27 29 31 32 34 36
2 3 4 26 32 33 36
2 3 4 6 17 19 20 25 26 29 31 33 35 36
0 2 3 4 5 7 8 9 11 12 13 14 15 16 18 19 20 25 27 32 36
3 4 13 17 20 21 22 23 25 33
1 2 4 5 8 9 10 11 12 13 14 15 16 17 18 19 20 21 22 23 24 25 26 28 30 31 34 35 36
0 1 4 6 7 8 12 13 14 15 16 17 18 21 22 23 26 27 30 31 33 34 35
0 1 2 3 4 5 6 7 8 9 10 11 12 13 14 15 16 17 19 22 24 25 26 32 36
0 1 3 5 6 7 9 10 11 14 15 17 18 19 20 21 22 23 25 31 32 34 35 36
0 1 5 6 8 9 10 18 19 20 23 24 26 28 29 30 31 32 34 36
3 5 9 10 11 14 20 24 35 36
2 3 9 10 19 25 26 27 28 33
1 2 4 5 6 7 8 9 10 11 12 13 14 15 16 17 18 21 22 23 24 25 26 27 28 30 31 32 34 35 36
1 2 5 6 7 8 10 12 13 14 17 18 19 20 22 24 25 26 27 31 32 34 35 36
0 1 7 9 11 13 15 16 18 21 25 27 29 31 33 35 36
19 28 29 30 32 33
3 8 9 12 14 16 17 20 25 27 28 29 30 31 32 34 35 36
1 2 3 4 5 6 7 8 10 11 15 16 17 20 21 22 25 26 29 31 32 34 35
1 2 3 4 18 19 20 22 25 27 28 29 30 31 32 34
1 2 3 5 6 7 10 13 14 15 18 21 24 26 28 29 30 31 33 35 36
1 2 5 6 7 8 9 10 11 12 14 15 16 17 18 21 22 23 24 25 26 28 32 34 35 36
4 9 10 18 19 20 26 27 28 30 31 32 35
0 2 6 8 9 11 12 13 14 15 16 20 24 25 27 28 29 30 31 32 34 35
0 1 5 6 9 10 11 14 19 22 24 25 27 28 30 32 36
0 1 2 3 5 6 7 8 10 14 15 17 18 21 22 23 25 26 28 30 32 33
1 2 4 5 6 7 8 9 10 11 12 14 16 17 18 21 22 24 25 26 31 32 34 35
0 1 2 4 5 6 7 8 9 10 11 12 13 14 15 16 17 21 22 23 24 26 27 28 30 31 34 35
0 2 4 5 6 7 8 10 11 12 15 16 17 21 22 23 24 27 29 31 35
3 4 5 6 8 14 17 18 19 20 22 23 25 27 29 33 36
2 3 4 5 6 8 14 17 19 20 22 23 25 27 33 36
0 2 3 5 6 7 8 9 10 11 12 13 14 15 16 17 19 20 22 23 24 26 28 30 31 34 35 36
1 5 8 9 11 12 13 14 20 23 24 25 26 27 28 31 32 34 35 36
0 1 2 4 6 8 13 14 15 16 17 19 20 22 29 33 35 36
5 6 7 8 9 10 11 12 14 15 19 22 24 26 28 31 32 35 36
0 2 3 4 6 7 9 10 11 12 13 16 18 20 21 22 23 24 25 27 31 34 35 36
1 2 4 6 7 8 10 11 12 13 14 15 16 17 19 20 21 22 26 28 29 30 34 35
7 9 10 14 15 16 18 19 21 22 33 34 35
0 1 4 6 8 9 10 11 12 13 15 16 17 18 19 20 21 23 24 25 26 27 28 29 30 31 32 34 36
1 2 4 5 6 7 8 10 11 12 13 14 15 16 17 18 21 22 23 24 25 27 34 35 36
0 4 9 11 12 13 14 15 16 18 21 22 23 25 26 27 30 31 34 35 36
0 3 5 6 8 9 10 13 18 21 22 23 24 25 27 28 29 30 32 36
0 1 5 6 7 8 9 10 11 12 14 15 16 17 18 19 20 21 22 24 25 27 28 30 31 32 34 35 36
2 4 13 21 26 33
2 3 4 5 6 7 10 13 14 16 17 18 19 25 26 28 29 30 33 34 35
1 3 4 5 11 14 15 16 19 23 24 26 28 29 30 31 33 35
0 1 5 7 8 9 10 11 12 13 14 15 16 18 19 20 21 23 24 25 26 27 28 29 30 31 34 35 36
2 3 5 6 7 9 10 13 17 18 21 23 24 26 29 31 33 35 36
18 26 29 33
3 18 23 25 26 29 33
4 6 9 12 15 16 19 22 26 27 28 30 31 33 35
10 11 14 31 33
1 2 3 4 5 7 8 9 12 13 14 15 16 18 19 20 23 27 28 29 30 31 32 34
0 1 4 5 6 7 8 12 13 15 17 20 22 23 25 26 27 28 29 30 33 34 35
0 1 2 4 6 8 17 18 19 20 21 22 25 27 28 33 34 35
1 2 3 5 6 9 12 14 18 19 25 26 27 28 29 30 31 34 35
1 2 4 17 21 29 33 35 36
1 3 4 5 8 9 10 11 12 13 14 16 21 23 24 25 28 29 32 36
0 4 7 12 17 18 21 23 24 27 28 30 31 33 34 35
0 2 3 4 6 7 13 16 17 19 20 22 33 35
0 9 21 24 27 28 29 30 31 32 34 36
0 3 4 5 6 7 8 9 10 11 12 13 14 15 16 17 18 19 20 22 23 24 27 28 29 30 31 32 36
0 1 2 4 7 8 9 12 13 14 15 16 20 22 23 25 26 27 28 29 30 32 35 36
1 2 3 5 7 8 10 12 13 14 16 17 19 20 22 23 24 26 27 28 29 30 31 33 34 35
0 2 7 8 9 10 11 12 13 14 15 16 19 20 23 24 25 26 27 28 30 31 32 34 35 36
1 2 4 9 11 12 13 15 16 19 20 23 24 27 28 30 31 34 35
0 1 5 7 8 14 17 18 21 22 23 33 36
0 5 8 12 13 17 21 22 23 32 33
0 1 2 3 4 5 6 7 8 10 11 12 13 14 15 17 18 19 20 22 23 24 29 31 32 34 35
9 10 11 12 13 14 15 16 18 19 20 22 24 26 28 29 30 31 34 35 36
2 9 10 11 12 13 14 15 16 18 19 20 22 24 26 28 29 30 31 34 35 36
5 8 9 10 11 12 13 14 15 16 19 20 21 23 24 27 28 29 32 34 35 36
2 4 13 21 26 29 30 33
2 3 5 9 10 14 16 17 18 19 20 24 25 26 27 28 29 30 31 32 34 35 36
2 3 4 5 6 9 10 11 13 15 17 19 20 22 23 32 33
0 3 5 7 9 10 21 23 24 25 29 33
0 1 5 8 15 17 18 21 22 25 32
0 2 3 4 5 6 7 8 9 10 11 14 15 16 17 20 22 25 27 28 30 31 32 34 35 36
0 4 12 15 17 19 29 33
0 3 6 8 11 12 13 16 17 18 20 21 23 24 25 27 28 29 30 32 34
2 4 5 6 7 8 12 13 14 16 17 19 20 22 23 24 26 28 29 30 31 33 34 35
0 2 3 4 5 6 7 8 10 15 17 21 22 29 32 33 34 36
0 1 2 3 4 5 6 7 8 9 10 11 12 13 15 19 20 22 24 25 31 35 36
0 1 5 6 8 9 10 11 12 13 14 16 18 20 21 24 25 26 27 28 29 30 31 32 35
0 5 6 8 9 10 11 13 14 16 18 21 24 25 26 27 28 29 30 31 32 34 35
1 3 4 7 16 19 27 28 29 30 34
3 4 5 8 18 21 23 29 33 36
0 1 3 5 6 9 10 13 14 15 20 21 22 25 26 27 28 29 31 35 36
0 1 2 4 7 12 18 19 20 29 33 34 36
0 1 3 10 18 20 21 22 33
0 1 4 8 12 16 21 28 30 33 34
2 4 5 7 9 10 11 14 15 16 17 19 24 27 28 29 30 32 34 35 36
1 2 7 19 20 25 28 30 31 33
0 2 3 4 10 15 18 21 22 23 28 29 32 33 34 36
0 1 2 4 5 6 7 8 10 12 13 14 17 18 19 20 22 24 25 26 27 31 32 34 36
0 10 11 12 21 24 32
3 4 5 6 7 8 9 10 11 12 14 15 16 17 20 24 28 29 30 31 34 35 36
0 1 2 3 4 6 9 10 13 19 20 25 27 28 30 31 32 33 35
2 11 12 13 17 19 20 21 22 26 28 29 30 31 32 35
1 2 4 5 6 7 8 13 15 18 21 22 26 28 29 30 33
3 6 9 11 16 21 23 24 26 27 29 31 32 34 35 36
0 2 3 4 5 6 7 8 10 12 13 14 17 18 20 21 22 23 24 25 26 28 29 30
2 9 10 12 13 15 16 19 24 26 27 28 29 30 31 32 35
2 3 18 19 20 26 29 33
1 2 3 4 5 8 14 15 17 21 22 25 33 36
3 9 15 18 20 21 23 24 26 28 30 32 34 35 36
3 7 12 13 24 26 28 29 30 31 33
0 1 2 4 6 7 8 11 12 13 14 15 16 17 18 19 20 21 22 23 24 25 26 32 35 36
0 2 3 5 6 7 8 10 12 14 15 18 20 21 23 25 32 36
1 3 9 11 14 18 22 26 27 29 32 33
0 1 2 3 4 6 8 10 13 14 17 21 22 25 29 32 33
0 1 2 4 5 6 7 8 11 12 13 14 15 16 17 18 21 22 23 25 26 27 28 30 31 32 34 36
0 2 3 7 18 19 20 24 25 26 29 32 33 34 36
0 2 3 5 7 10 13 18 19 20 25 26 29 33 34
1 2 3 4 5 6 7 8 10 13 14 17 21 22 23 26 32 33 36
0 1 3 4 6 8 9 10 11 12 13 14 15 16 21 24 28 29 31 32 35 36
0 1 2 4 6 9 10 11 12 14 15 16 21 24 25 28 29 31 32 35 36
0 3 4 17 19 23 27 29 30 33 35
3 4 6 7 8 9 11 14 15 17 18 21 22 25 28 29 30 31 32 35 36
6 7 9 10 18 21 26 31 33 34 35
0 1 12 13 15 19 20 22 26 27 33 35
0 1 2 4 5 6 7 8 9 10 12 14 15 16 17 18 19 22 23 24 25 27 28 29 31 32 34 36
0 2 3 4 5 6 7 8 9 10 11 12 13 14 15 16 17 19 20 21 22 24 25 26 27 32 36
1 2 3 5 14 18 21 25 26 32 33
1 2 5 14 18 21 26 29 32
0 2 3 4 6 10 13 15 16 21 22 23 25 26 28 29 30 31 33 34 36
3 6 10 15 19 23 25 27 28 30 33 34 35 36
0 1 2 3 10 15 18 27 30 31 33
1 4 5 7 8 9 13 14 16 17 19 22 24 25 28 29 30 33 34 36
2 4 5 6 7 8 9 14 15 17 21 22 23 24 26 33
0 1 3 5 8 9 10 11 13 14 15 16 18 20 24 25 27 28 29 30 31 32 34 35 36
1 2 4 5 6 7 8 9 11 13 14 15 16 17 18 19 20 22 23 24 25 26 34
0 1 2 3 5 6 7 9 10 12 13 14 17 19 22 23 24 25 26 27 31 33 34 35
0 1 2 3 4 5 6 7 8 10 13 17 19 22 23 24 26 28 29 30 33 36
3 21 23 28 30 32
0 1 2 3 4 5 6 9 10 11 15 16 17 21 22 23 25 26 29 30 31 32 34 36
0 1 18 21 33
0 2 4 5 7 8 9 11 12 13 15 16 18 21 22 23 24 26 27 28 29 30 31 33 34
0 2 3 6 8 9 10 11 16 17 19 20 21 24 25 27 28 29 31 32 34 35 36
0 2 3 4 8 9 10 11 16 17 19 20 21 24 25 27 28 29 31 32 34 35 36
9 10 11 12 13 14 15 16 18 21 23 25 27 30 31 33 34 35
0 6 21 29 33 36
9 12 14 15 16 19 20 26 28 30 31 33 34 35
0 1 2 4 5 6 7 8 9 10 11 12 13 14 15 16 17 18 19 22 23 24 25 32 35 36
0 1 2 3 4 5 6 7 8 9 10 11 12 14 15 16 17 18 20 22 23 24 25 26 27 28 30 32 34 36
1 2 6 7 10 11 12 18 19 20 21 23 26 28 29 30 31 32
2 3 9 11 12 15 16 17 21 27 29 30 31 32 34 35 36
1 3 5 6 7 8 9 10 11 12 14 15 16 17 18 20 21 22 23 24 25 27 28 30 31 32 34 35 36
1 2 3 4 5 6 7 8 10 13 14 15 16 17 18 20 21 25 27 28 30 31 36
4 5 8 14 16 17 18 19 20 22 27 28 30 32
0 1 4 6 8 13 15 16 17 19 20 25 33
0 1 2 5 7 8 9 10 11 12 14 15 16 17 18 19 23 25
2 3 4 6 7 8 13 17 18 21 22 33
0 1 2 3 4 5 6 7 9 10 11 12 15 16 17 19 20 22 24 26 29 35 36
2 3 4 5 6 7 9 14 15 17 19 20 22 27 30 31 33 34 35 36
1 5 6 7 9 10 11 12 13 14 15 16 17 18 20 21 22 23 24 25 27 30 32 34 35 36
0 2 5 7 9 10 11 12 13 14 15 16 18 20 21 22 23 24 25 27 30 32 34 35 36
0 1 3 6 7 9 10 11 13 14 15 16 18 19 21 23 24 26 27 28 29 31 32 34 35
1 3 5 6 7 8 10 13 15 17 18 21 23 25 33
0 1 2 4 6 8 14 21 22 28 29 30 31 33 34 35
0 1 4 5 6 7 8 9 11 12 13 14 15 16 17 21 22 23 24 32 33 34
3 10 16 21 31 33 35
2 3 7 8 9 10 11 14 16 17 18 20 21 23 27 28 29 30 31 32 34 35 36
2 3 5 7 8 9 10 11 14 16 17 18 20 21 25 27 28 29 30 31 32 34 35 36
1 4 5 6 7 8 11 13 14 15 16 17 19 20 22 24 26 28 29 30 31 34 36
0 1 3 4 7 9 10 11 12 15 17 18 19 24 25 26 29 32 33 34 35 36
0 3 5 9 10 12 13 17 21 22 23 24 29 33 36
3 5 9 10 12 13 17 18 21 22 23 24 25 29 33 36
9 14 15 20 24 28 29 30 31 32 34 35
0 1 2 3 4 5 8 9 10 11 12 16 17 19 22 27 31 34 35
0 1 4 19 20 26 27 33 35
0 3 4 13 21 23 29 30 31 33
1 3 4 5 6 7 8 9 10 11 13 15 16 17 19 20 27 28 29 30 31 32 34 35
1 2 3 4 5 6 7 8 9 10 11 14 17 18 22 24 25 26 32 33 36
0 1 2 5 7 8 10 11 12 13 15 16 17 19 20 24 26 28 31 32 34 35
2 3 8 13 17 18 20 23 24 26 27 28 30 31 32 33 34 35
0 1 2 4 8 10 11 12 13 14 15 16 20 21 23 24 26 27 28 29 30 31 34 35 36
0 3 9 10 19 23 26 28 30 31 32 33
3 6 8 9 10 11 13 14 16 20 24 27 30 32 36
3 10 21 22 26 29 31 32 33
0 1 2 3 5 6 7 8 9 10 11 12 14 15 18 19 24 25 27 28 30 32 36
2 3 5 7 8 9 10 11 14 16 17 18 19 24 25 27 28 30 31 32 34 35 36
0 2 4 5 6 7 8 9 10 11 12 13 14 15 16 17 21 23 24 32 36
0 1 17 19 20 22 26 29 33 36
0 1 3 5 7 8 12 14 17 21 22 31 32 33
0 2 10 21 29 33 35
1 4 17 26 29 32 33
0 10 21 24 27 28 29 30 31 33 34 35
4 5 7 8 9 11 12 13 15 16 17 23 24 26 27 28 29 30 31 33 35
0 6 8 9 10 11 12 13 16 19 20 21 24 25 26 27 28 29 30 31 32 34 35
1 4 6 8 9 10 11 12 13 14 15 16 17 19 21 24 25 26 27 28 29 30 31 34
1 3 4 5 6 7 9 12 13 14 17 21 22 23 24 31 32 33 35
2 5 9 10 11 13 16 17 18 19 20 24 25 27 28 29 30 31 34 35 36
0 1 2 3 4 5 6 7 8 11 12 13 14 17 19 20 22 25 27 28 29 30 31 32 34 36
0 1 3 4 7 12 13 17 21 22 23 26 28 30 33
5 8 18 19 20 23 26 33
2 9 11 12 14 16 18 19 26 27 28 29 30 31 34 35
0 2 3 6 7 9 11 12 15 16 17 18 21 31 32 35 36
1 3 4 8 9 10 11 13 14 15 16 17 19 20 24 25 26 27 28 30 32 34 35 36
0 1 2 3 4 6 10 13 14 17 19 20 22 24 25 26 27 28 29 31 33 35 36
2 3 4 5 6 7 8 9 11 12 13 15 16 17 19 20 22 23 24 25 27 30 32 34 36
1 3 5 6 7 9 10 11 12 14 15 17 20 21 24 27 28 30 31 32 34 35
2 3 4 5 10 22 33
0 1 4 5 6 7 8 9 10 11 12 13 14 15 16 17 18 19 20 21 22 23 24 25 26 27 28 29 30 31 32 34 35 36
0 1 2 4 5 7 8 9 10 11 12 14 15 16 17 18 19 22 24 25 26 31 34 36
0 2 10 14 21 23 24 25 32 33 35
0 1 3 5 7 8 17 18 21 24 25 29 33 36
0 5 6 7 12 16 21 27 28 29 30 31 35
0 20 21 23 26 27 30 31 33 34 35
4 7 9 11 13 14 15 16 17 18 19 22 23 26 27 30 31 33
1 4 5 6 7 8 9 10 11 12 13 14 15 16 17 19 20 22 23 24 25 26 27 29 30 32 33 34 35 36
1 4 5 6 7 8 9 11 12 13 16 18 19 20 22 23 25 26 27 29 34
0 1 4 5 6 8 11 13 14 15 16 18 22 23 24 25 26 27 28 30 31 33 35 36
15 19 20 27 32 34 36
2 4 5 8 11 12 14 19 20 33
2 9 10 11 14 18 20 21 24 26 27 28 29 30 31 34
0 1 2 3 5 7 8 9 10 11 12 14 15 16 17 18 20 21 24 25 26 28 31 32 34 36
1 2 3 4 6 7 8 9 11 12 13 14 15 16 17 18 21 23 25 26 28 29 30 31 32 33
3 5 20 21 23 24 28 32 34 36
2 5 9 10 11 12 14 15 19 24 25 26 27 28 30 31 32 35
18 19 20 23 26 33
3 8 10 18 19 20 23 25 26 33
2 3 5 6 8 9 10 11 12 15 19 21 22 23 24 25 26 27 28 29 30 31 32 34 35 36
3 4 6 8 9 10 11 12 13 14 15 16 19 20 21 22 24 26 27 28 29 30 31 32 34 35 36
2 4 5 6 7 8 9 11 14 15 16 18 19 22 23 24 25 26 27 28 30 31 32 34 35 36
0 1 2 3 4 5 6 7 9 10 11 13 14 15 19 20 22 25 27 28 29 30 31 32 34 36
0 1 2 3 4 6 7 15 19 20 21 22 23 33
1 6 8 9 10 11 14 18 21 22 24 27 28 29 30 31 32 34 35 36
0 2 3 4 5 7 9 11 12 15 19 20 22 24 29 30 33 34 35
0 2 3 4 5 6 7 10 13 16 17 19 23 24 25 26 28 29 30 32 33 35
0 1 2 3 4 5 6 7 8 10 12 13 14 17 18 21 22 23 24 25 26 29 30
5 8 9 11 12 13 14 16 17 18 21 23 28 30 32 33
0 5 7 9 11 12 14 15 18 19 20 21 27 28 29 30 34 35 36
1 4 6 7 8 11 12 14 18 20 22 24 26 31 33 34 35
1 5 7 14 15 17 18 19 22 25 26 30 32 36
9 11 12 13 16 18 20 24 26 27 28 29 30 34
3 9 11 12 16 17 18 20 24 25 26 27 28 29 30 32 34
0 1 4 6 7 9 12 15 16 17 19 20 21 25 26 28 30 31 33 35 36
1 5 7 10 11 14 19 21 22 25 26 28 30 31 33 35
0 2 9 10 11 12 13 14 15 16 20 21 24 26 31
0 1 2 4 5 8 9 12 14 15 17 20 22 23 24 25 27 28 29 30 31 33 35
0 3 5 6 9 10 11 12 14 16 17 19 20 22 24 28 33 34 35
1 2 3 4 12 15 16 17 18 21 23 24 25 31 32 33 35 36
2 3 6 8 9 11 13 16 17 19 21 23 24 25 27 28 29 30 32 34 35 36
0 1 2 9 11 12 13 15 16 17 19 20 22 24 26 27 28 30 32 34 35
1 4 5 7 8 11 12 13 14 17 18 21 22 23 28 29 32 36
0 4 6 8 9 11 12 13 14 15 16 17 19 22 25 26 27 31 33 35 36
2 3 4 5 6 7 8 10 11 12 14 15 16 17 18 20 21 22 23 24 25 26 32 33 36
1 4 5 6 7 8 9 10 11 14 15 16 17 21 23 24 25 26 27 28 30 31 32 36
0 1 2 4 8 9 10 11 12 13 16 18 21 22 23 24 25 27 32 33 34 35
4 8 12 15 19 20 31 32 33 36
0 1 2 3 5 7 9 10 11 14 16 18 19 20 23 24 27 28 30 31 32 34 35 36
0 4 5 6 7 10 11 12 13 15 16 17 19 23 24 34 35 36
0 1 2 3 4 6 8 9 10 11 12 13 14 15 16 17 19 20 21 22 23 24 27 32 34 35 36
0 2 3 6 10 11 12 13 15 16 18 20 21 22 23 24 25 32 34 35 36
0 3 4 7 11 13 15 17 18 19 20 21 22 23 25 31 33 35 36
0 6 8 14 19 21 23 29 32 33
2 5 6 7 9 10 11 12 13 14 15 17 19 20 22 26 29 31 33 34 35 36
1 3 4 6 8 17 19 20 21 22 23 25 32 33
1 3 6 7 9 14 18 19 20 22 24 25 26 29 33 34
0 1 5 6 7 8 9 13 15 16 21 22 24 26 31 33 36
0 3 5 6 9 11 12 13 14 15 16 18 20 21 22 24 25 26 27 28 31 32 33 34 35 36
3 4 9 11 19 20 22 25 27 28 29 30 32 34 35 36
2 3 7 17 19 20 23 24 27 28 29 30 31 33 34
0 16 18 26 28 29 30 31 33 35
0 3 5 6 7 13 18 21 22 24 26 27 28 31 32 33 36
3 6 18 21 32 36
0 1 2 3 5 7 10 11 12 13 16 21 23 24 26 27 28 29 32 33 34 35
1 5 7 10 11 12 13 16 18 21 23 26 27 28 29 32 33 34
1 4 5 6 7 8 9 10 14 15 17 18 19 22 23 24 25 26 27 28 29 30 31 32 34 36
3 7 17 18 19 23 25 26 29 31 33 36
1 7 21 22 29 31 32 33
1 4 5 6 7 8 13 14 18 21 22 23 27 31 32 33 34 35
2 3 8 9 11 12 13 14 16 17 19 20 21 25 27 33 36
0 1 4 6 18 19 20 23 26 27 33 35 36
0 2 3 4 6 8 11 12 13 14 15 16 17 21 22 23 24 25 26 27 28 30 32 35 36
0 1 5 8 9 11 12 14 16 21 23 24 25 26 27 28 30 31 32 34
0 3 6 18 19 20 23 24 26 33 34 35 36
0 1 2 3 5 6 7 8 9 10 11 12 13 14 15 16 18 19 20 22 23 24 25 27 28 30 32 36
3 6 11 12 14 16 21 22 25 33
0 1 2 4 6 8 9 10 12 13 16 17 19 22 23 24 28 29 30 33 34 35
0 1 2 7 11 12 14 15 17 18 21 23 25 31 32 34 36
0 3 15 18 21 24 25 26 27 29 31 32 33 35
3 7 12 15 21 22 23 25 32 33
1 2 4 5 6 7 8 9 10 11 12 13 15 16 17 18 19 20 22 24 25 27 28 29 30 31 32 34 35 36
0 1 4 5 7 8 15 16 19 20 25 26 27 28 30 31 33
1 3 4 7 10 13 17 18 19 20 23 24 25 26 29 32 34 36
1 4 5 6 7 8 9 11 12 13 14 15 16 17 18 19 22 24 25 26 27 28 29 30 31 34 35
0 1 3 4 5 6 7 8 11 12 13 14 15 16 17 19 22 23 26 27 28 29 30 31 32 34 35 36
1 17 18 19 20 23 25 29 33
0 3 7 8 14 15 19 22 28 29 33 34 35
0 3 4 6 18 23 26 33
18 19 20 26 29 33
0 1 3 4 5 13 18 22 33
0 1 2 3 5 7 8 10 11 13 14 15 16 17 18 19 20 23 24 25 26 28 30 31 32 36
0 3 6 8 9 10 11 12 13 16 17 18 20 21 23 24 25 27 28 30 32 34 36
2 3 5 9 10 13 18 21 22 23 25 29 32 33 35
0 1 2 3 5 6 9 10 11 13 14 15 18 21 22 25 27 29 31 33 35 36
0 2 3 4 5 7 9 10 12 13 17 18 20 21 22 23 25 33
4 7 18 23 27 28 30 33
0 3 5 7 9 10 11 12 13 14 15 18 20 25 26 27 28 30 31 32 34 35 36
0 1 2 3 4 7 8 13 14 17 19 20 22 24 25 29 31 33 34
1 2 3 4 5 6 7 8 9 11 12 13 14 15 16 17 19 20 21 22 23 24 26 27 29 31 32 34 36
0 1 3 4 5 6 7 8 10 11 12 13 14 15 16 17 19 20 22 23 24 26 27 29 30 31 34
9 11 12 13 14 15 16 19 20 24 26 28 30 31 33 34 35
0 4 6 8 10 11 12 13 14 15 16 17 18 21 24 26 27 28 29 30 34
1 6 8 13 17 18 21 25 28 29 30 32 33 34
0 2 3 4 6 9 10 11 12 13 15 16 21 22 23 24 25 27 28 29 30 32 34 35 36
0 1 2 3 4 5 6 7 8 10 12 13 15 16 17 18 19 20 22 24 25 26 28 29 31 32 35
15 18 22 25 29 33 36
2 19 20 26 27 33
0 1 2 5 6 7 8 9 11 12 13 15 16 17 20 21 22 24 25 26 27 28 34 35
0 1 4 5 6 7 8 10 14 15 17 19 22 24 26 27 30 32 33 34 36
1 2 3 4 5 6 7 10 11 17 18 19 20 22 31 33 36
1 3 4 5 6 7 8 15 20 25 26 27 28 33 34 35 36
0 1 2 3 5 6 7 8 9 10 11 12 13 14 15 16 17 18 20 21 25 26
6 8 9 11 12 17 21 23 27 30 31 32 34
0 1 7 8 9 11 12 13 14 15 16 19 20 21 22 24 26 28 30 31 33 34 35 36
1 2 5 7 8 9 10 11 12 13 14 15 16 17 18 19 20 22 23 24 25 26 27 28 29 30 32 34 35 36
3 5 6 8 9 10 11 12 14 15 18 19 20 22 23 24 25 26 27 28 29 30 31 34 35 36
0 1 2 3 4 5 7 8 17 20 21 22 25 33
3 4 6 7 8 10 13 19 20 22 28 30 31 33 35 36
0 1 2 3 4 5 6 7 8 10 12 13 14 15 16 17 19 20 21 22 23 24 25 27 29 30 32 34 36
0 1 2 3 4 5 6 7 8 10 12 13 14 15 16 17 19 20 21 22 23 24 25 27 29 30 32 34 36
2 4 9 15 19 23 27 30 33
0 2 3 5 6 9 10 11 12 13 15 16 20 21 23 25 28 34 35 36
3 18 21 32 33
1 2 4 6 7 13 14 15 17 19 24 27 30 31 32 33
0 1 4 9 10 11 12 13 15 16 18 20 22 24 25 26 27 28 30 32 35 36
0 1 4 5 9 10 11 12 13 15 16 20 23 24 25 27 28 30 32 35
0 1 9 10 11 12 13 16 18 22 23 25 26 27 29 31 32 33 34 36
1 4 5 6 9 11 12 16 17 18 22 26 27 29 31 32 33 34 36
2 3 4 13 16 21 23 29 31 33 36
0 4 15 16 17 21 26 27 29 31 33 34 35
0 1 2 5 6 7 8 9 10 11 12 13 15 16 17 18 19 20 21 22 23 24 25 27 30 34 36
0 8 17 18 21 23 27 29 32 33
