1 2 3 7 8 9 10 11 13 14 15 16 17 18 20 21 23 25 28 29 30 32 35 36 38 41 43 49 53 54 58 59 64 66 69 70 71 73 77 78
3 5 9 10 20 25 28 30 36 51 59 63 65
1 2 3 4 6 11 13 14 15 16 17 18 21 23 24 25 28 29 30 31 32 33 34 38 39 40 41 49 50 53 58 59 61 64 69 70 71 72 77 78
1 3 7 9 10 11 14 15 17 18 21 23 28 29 30 31 32 33 38 41 43 49 53 58 59 61 64 69 70 71 77 78
1 2 3 5 6 8 9 12 13 14 15 16 17 19 21 22 23 28 30 31 36 40 41 42 43 51 52 59 60 61 62 63 64 65 66 69 70 71 72 73 78
4 7 10 11 17 18 21 22 23 28 30 31 39 43 49 53 60 63 64 68 70
3 4 5 7 9 10 14 18 20 26 28 30 32 33 36 38 39 42 43 44 45 47 48 51 52 53 55 56 58 59 60 61 63 64 65 66 67 68 71 73 76 77 78
0 2 3 4 6 7 8 9 10 11 13 16 17 18 21 22 23 25 26 28 32 35 36 38 39 40 41 43 44 47 48 53 58 61 64 65 69 71 73 76 78
10 11 17 28 30 31 36 53 61 64 68 75
0 3 6 7 28 30 34 35 36 41 43 51 59 60 61 63 65 66 67 68 69 73 78
0 1 2 3 5 6 8 9 10 11 13 14 16 17 18 19 21 22 23 26 28 29 37 38 39 41 43 45 46 54 55 56 62 63 65 67 75 76
2 6 8 9 10 11 13 14 15 16 18 20 21 22 23 25 31 34 36 38 41 43 44 48 53 59 60 61 63 69 70 72 73 78
1 2 3 4 5 7 8 9 10 11 12 14 16 17 18 21 23 25 26 28 30 33 36 37 38 39 43 49 53 59 60 61 63 68 70 73
16 17 18 22 23 25 31 34 59 60 61 63 64 65 66 67 71
2 3 4 5 7 9 10 16 18 22 25 27 31 48 53 59 61 62 63 64 68 69 70 71 77
2 3 16 17 18 22 23 30 31 46 53 59 60 61 68 69 75 78
0 3 5 13 14 28 36 41 42 44 49 50 51 52 53 55 58 60 61 62 63 64 68 70 73 74 77 78
1 3 4 6 10 12 15 17 19 20 21 22 23 26 41 48 49 53 60 63 70 74 78
1 2 3 5 7 8 9 10 11 12 13 14 16 17 20 21 22 23 25 26 28 30 36 38 41 42 43 48 51 54 59 60 61 63 69 70 71 72 73 77
1 2 3 7 8 9 10 11 17 18 21 23 24 26 27 28 30 35 36 40 43 48 53 59 61 64 65 66 69 71 73
3 5 7 53 65 68 73
0 3 5 7 9 12 25 28 30 43 48 49 50 53 61 64 68 70 73
1 3 4 5 7 8 10 11 12 13 16 17 18 20 21 22 23 26 27 28 30 43 44 51 58 59 65 66 73 76 77
5 7 18 25 27 30 31 36 38 43 51 68 77 78
2 3 7 8 11 12 13 14 16 17 18 19 20 21 22 23 24 25 26 28 30 31 34 36 38 41 42 43 49 53 60 63 64 69 70 73 76 77
1 2 7 9 10 11 17 18 21 22 23 25 26 31 32 36 38 39 46 47 48 53 58 59 63 64 68 69 70 77 78
1 2 3 5 6 7 8 9 10 11 12 13 14 16 17 18 21 22 23 25 28 29 36 40 41 42 43 49 53 58 62 65 71 73 74 76 78
1 2 5 8 9 10 13 14 16 21 22 25 26 27 28 29 30 31 36 38 39 42 43 44 48 49 50 51 58 64 65 66 69 70 71 73 76
1 2 4 8 9 11 13 14 26 28 30 34 38 41 46 51 52 53 57 60 61 62 63 64 65 66 67 69 72 73 78
4 5 6 8 13 14 16 21 30 41 66 70 72 73
3 5 13 14 28 42 43 45 50 51 53 55 56 57 58 59 60 67 68 75
2 3 4 6 7 8 9 10 11 13 14 16 17 18 19 20 21 22 23 24 25 26 31 32 34 35 36 38 39 40 41 43 44 45 48 53 54 57 59 60 62 63 64 65 69 70 71 73 78
0 2 3 4 6 8 9 10 11 14 17 18 20 21 25 26 28 30 32 33 36 39 40 41 43 44 46 47 48 53 54 58 59 62 64 65 66 69 70 71 73 76 77 78
1 2 10 13 16 18 20 22 23 26 31 43 51 54 59 61 64 67 68 70 73
12 28 29 60 61 63 65 66 68
0 4 5 6 11 12 13 17 20 21 23 25 30 37 40 42 43 45 46 48 51 55 56 57 59 60 61 62 63 64 65 66 67 69 70 73 75
2 3 4 5 7 8 9 10 11 14 15 16 22 23 25 29 30 31 36 39 40 43 46 49 50 53 61 64 65 67 69 70 71 77 78
2 3 5 7 20 26 28 30 36 40 43 51 52 59 60 61 63 64 65 66 67 69 71
2 3 4 5 6 8 9 10 14 18 21 22 26 31 39 40 41 45 49 50 53 55 56 60 61 63 64 68 70 73 76
2 3 4 6 8 9 10 11 12 13 14 16 17 20 21 22 23 24 25 26 31 36 38 39 40 41 43 46 53 57 60 65 66 69 70 71 73 75 78
0 6 7 13 14 26 28 30 32 50 53 59 60 63 64 65 66 67 70 78
1 3 9 11 13 16 17 18 21 22 23 30 40 41 43 46 51 54 57 59 60 61 63 64 65 69 70 71 77
0 1 2 6 8 9 13 14 16 21 24 28 32 33 36 40 41 42 43 47 48 51 55 59 60 63 65 66 73 74 75 76 78
0 1 2 3 4 5 6 8 9 10 11 12 14 21 22 25 26 31 32 33 36 38 39 42 43 44 45 47 48 49 50 53 55 56 60 62 63 65 68 74 76
0 2 3 6 7 8 9 10 11 12 13 14 16 17 21 23 25 26 31 32 35 36 41 43 44 47 48 49 50 53 55 56 62 64 65 66 69 70 71 72 74 75 77 78
1 2 3 4 6 7 8 9 10 11 13 14 15 16 17 18 20 21 22 23 25 31 34 36 38 40 41 49 50 53 58 59 60 63 64 69 70 78
1 3 7 8 9 10 11 14 15 16 17 19 22 23 25 31 34 35 36 38 40 41 49 50 58 59 61 64 70 78
0 5 7 8 9 11 21 25 26 28 30 36 37 38 39 43 49 51 59 61 68 73 77
0 3 5 7 8 9 11 12 21 25 28 30 36 37 38 39 43 49 51 59 68 73 77
1 3 5 8 9 10 11 13 14 16 17 18 21 22 23 25 28 30 32 36 38 40 41 46 49 50 51 53 57 60 63 64 69 70 73
2 4 8 11 13 16 17 18 21 29 30 32 33 38 39 41 43 44 45 48 51 53 56 59 60 62 64 65 66 69 70 73 78
1 2 3 7 9 11 18 21 22 23 25 28 30 36 49 50 61 68 70 72 73 74 77 78
8 9 10 11 13 14 16 17 21 22 28 36 40 41 47 53 58 60 64 65 70 73 78
1 3 4 5 7 9 10 13 14 15 16 17 18 19 20 23 26 30 31 32 36 37 38 39 41 43 58 59 64 69 70 71 72 73 77 78
2 3 7 9 10 11 14 16 17 18 20 21 22 23 25 28 30 31 32 36 53 54 57 60 61 63 69 70 77 78
10 13 14 21 22 23 24 26 28 31 32 36 37 47 48 50 68 69 70 75
1 2 4 7 9 11 13 14 16 17 18 19 20 22 23 24 25 26 28 30 31 32 34 38 39 41 43 45 47 53 57 58 59 60 61 63 64 65 66 67 69 71 72 73 74 77 78
2 3 4 7 8 9 10 11 12 14 16 17 18 20 21 22 23 25 26 31 35 36 38 41 42 43 48 49 50 54 59 69 70 73 77 78
1 4 7 13 15 16 17 18 21 22 23 26 31 36 38 39 43 53 59 63 64 69 70 73 74 77 78
1 4 5 6 8 9 11 13 14 18 26 31 32 33 36 38 39 40 41 42 43 47 48 51 52 59 60 61 63 65 66 67 71 73 77
1 2 6 8 9 10 11 12 13 14 16 17 20 21 22 23 25 26 28 30 31 32 33 36 40 41 42 43 44 46 47 51 54 55 56 57 58 59 60 62 63 64 65 69 70 71 72 73 74 76 77 78
3 7 18 31 53 68
3 5 7 8 9 10 12 14 18 21 23 25 26 28 32 33 34 39 42 43 46 49 53 57 58 60 61 62 63 68 69 70 78
2 5 7 8 16 21 22 23 28 38 41 53 60 61 63 64 68 70 72 78
1 2 4 6 8 10 11 12 13 14 16 17 18 21 22 23 24 26 28 30 31 32 33 34 37 38 39 40 41 43 51 52 53 59 60 61 63 64 69 70 73 76 77 78
3 5 8 9 10 12 13 14 15 18 24 25 26 29 31 34 38 39 40 41 47 48 53 55 57 58 61 62 64 68 70 73 76 77 78
0 26 40 53 61 68 78
4 5 12 26 38 43 44 47 48 53 58 61 62 68
6 7 9 13 17 22 23 28 36 48 51 52 53 59 60 63 64 68 70 78
6 14 16 21 64 68
2 3 5 7 8 10 11 13 17 18 20 21 22 23 26 28 29 30 35 38 39 40 46 47 51 52 59 60 61 63 64 65 66 67 69 77
1 2 4 7 8 9 10 11 17 18 22 25 30 32 36 38 43 47 48 51 52 53 59 60 61 63 68 69 70 77 78
1 2 3 7 9 11 19 25 26 28 29 30 31 36 43 48 51 52 58 59 60 68 69 70
0 2 3 5 6 8 9 13 17 21 26 28 34 40 43 51 52 53 54 59 60 61 63 64 69 70 71
2 3 7 25 31 49 50 51 52 61 68 70 72 73
2 5 7 8 11 13 14 15 16 17 18 20 21 23 31 38 40 41 43 49 58 60 61 65 66 67 71 73 78
1 4 7 10 12 17 24 25 26 31 32 35 37 38 39 41 46 48 51 58 59 60 63 64 68 69 70
1 3 5 7 9 10 18 23 25 28 30 36 48 68 70
1 13 15 19 20 29 31 37 40 41 42 47 48 59 60 61 63 64 65 66 67 69 71 73 77
0 1 4 5 6 7 8 9 10 11 12 13 14 15 16 17 18 20 21 22 23 24 25 26 27 28 29 30 32 33 34 35 36 37 38 39 41 45 46 47 50 51 52 55 57 58 59 60 61 62 63 64 65 66 71 73 75 77
1 2 3 4 7 10 11 13 17 18 20 21 22 23 30 36 38 43 52 53 57 58 59 60 61 63 65 67 70 73 77 78
2 3 5 6 8 10 11 12 14 17 18 21 23 25 28 30 33 34 36 37 38 41 45 46 53 57 59 60 61 63 64 68 69 70 77
1 3 10 11 13 14 16 17 18 20 21 22 23 28 30 35 38 41 43 47 51 53 57 59 60 62 63 64 65 69 70 73 75 76
2 3 7 13 16 17 18 19 20 22 23 28 30 34 38 41 59 60 63 64 69 70
1 2 4 8 10 11 20 21 25 26 31 36 38 39 47 48 49 51 68 73
1 8 11 17 18 25 31 32 33 36 38 65 68
0 1 2 3 5 6 7 8 9 10 11 12 14 16 17 18 19 20 21 22 24 25 26 28 30 32 33 34 35 36 38 39 40 41 42 45 49 50 57 58 61 62 64 65 69 70 72 74 76
13 14 16 17 18 21 22 23 24 26 28 30 32 33 35 36 41 49 53 57 58 60 61 63 64 69 70 71 73 78
3 4 6 13 14 16 17 18 21 22 23 26 28 30 32 33 36 41 48 53 60 61 63 64 69 70 73 78
4 8 11 12 13 14 16 17 18 21 22 23 28 30 31 38 41 46 48 51 52 55 59 60 61 62 65 66 67 69 70 73
3 7 18 29 31 53 61 63 68 78
0 3 4 5 6 8 12 13 14 15 21 23 24 25 26 27 28 29 30 32 33 34 40 41 42 43 46 53 55 56 58 59 60 61 62 63 64 65 66 69 70 71 73 76 77
3 5 6 7 8 9 13 14 16 18 22 25 27 28 30 36 38 39 42 49 50 58 65 68
1 4 5 6 8 10 13 14 19 31 38 39 40 41 43 51 58 61 68
0 1 2 6 8 11 22 25 26 31 36 39 40 42 43 45 55 56 58 65 74 75 76
1 3 4 5 6 7 8 9 10 11 12 13 14 15 16 21 22 23 24 25 30 36 43 51 54 59 60 63 64 65 66 67 69 70 71 73
1 7 17 22 25 28 49 51 61 68 77
1 4 5 9 11 12 16 17 18 19 20 23 24 25 26 30 31 32 33 37 38 39 40 41 42 43 46 47 48 51 54 58 59 60 61 63 65 66 67 69 71
3 4 7 8 9 10 11 17 18 20 21 23 25 28 30 32 35 36 38 39 41 53 54 60 61 63 64 68 69 70 78
0 1 3 4 5 6 7 8 9 10 11 12 14 20 22 25 31 36 39 40 49 50 51 56 57 61 65 68 69 73 74 77
1 2 3 4 5 7 8 9 10 11 12 13 14 16 17 18 19 22 28 29 30 33 36 41 43 49 50 64 70 73 77
1 2 6 8 9 11 13 14 16 17 18 20 21 23 24 26 30 31 40 41 43 44 46 47 48 51 52 53 54 58 59 60 61 63 64 65 66 70 76 78
0 1 4 6 8 9 11 13 14 16 18 19 20 21 23 24 26 31 34 35 39 40 41 43 44 46 47 48 49 50 51 52 53 54 56 58 59 60 61 63 64 65 66 69 70 76 77 78
2 5 7 10 20 23 28 46 51 59 60 61 63 66 67 69
4 5 7 8 11 26 31 38 39 42 47 48 49 51 61 68 73 76
1 2 5 6 8 9 13 14 18 21 22 30 31 36 40 43 46 51 53 58 59 60 61 64 70 73 74 78
1 2 3 7 10 17 26 27 28 30 47 48 51 58 61 68 69 73 77
1 2 5 14 26 30 31 36 49 51 68 74
1 2 7 11 17 23 29 31 42 44 49 51 60 63 68 69 75
0 3 4 6 7 8 10 13 14 16 21 22 23 25 28 41 59 60 61 63 65 66 69 70 71 73 78
0 2 3 10 12 28 30 39 43 51 60 63 64 67 68
1 3 5 6 7 12 14 20 22 26 31 36 38 39 49 56 57 60 61 65 68 69 73 74 75 77
1 2 3 4 6 7 8 9 10 11 12 14 17 18 21 25 26 28 30 32 33 36 41 43 46 47 48 53 59 64 65 66 69 71 73
1 14 16 17 31 41 42 65
4 5 6 7 8 9 10 11 12 13 14 16 17 21 22 23 24 25 30 41 49 51 52 60 61 63 64 69 70 71 73 78
1 2 3 4 5 7 9 13 14 18 24 27 28 29 30 43 49 51 59 60 62 63 64 65 68 70 77 78
3 12 16 17 18 25 28 30 31 36 53 55 60 61 63 64 65 66 67 70
2 3 7 8 9 10 11 18 22 26 29 31 32 33 36 47 48 51 52 53 60 61 63 68 77
0 4 5 6 9 12 13 15 16 19 20 23 31 38 40 41 42 46 51 52 53 56 58 59 61 62 64 65 66 69 70 71 73 77
0 1 3 4 5 6 7 8 9 10 11 12 14 17 18 20 21 25 26 30 31 32 33 34 35 36 38 39 41 43 53 60 61 63 74 77 78
0 3 6 13 14 17 18 20 22 23 28 41 53 59 60 61 62 63 64 65 70 72 78
3 5 26 27 28 30 48 53 61 68 74
0 2 3 5 7 8 11 21 22 25 31 36 43 48 51 68 73
4 5 12 13 15 22 24 26 27 30 31 32 38 39 40 41 44 45 48 50 52 53 55 58 60 62 63 65 66 69 70 71 72 73 75 77
5 10 17 18 41 53 60 61 63 64 68 78
0 1 2 3 7 9 10 11 16 17 18 19 20 21 22 23 24 25 26 28 29 30 31 36 38 41 43 44 45 47 48 49 50 51 53 55 62 65 66 70 72 73 78
1 3 4 5 6 8 9 10 11 14 17 21 22 26 30 31 32 33 38 39 40 42 43 44 47 48 49 50 51 52 55 56 62 65 71 72 73 76
2 5 13 16 21 26 36 39 48 53 59 61 65 68 74
1 2 3 5 7 9 11 14 18 20 21 25 31 36 39 43 61 65 68 74 77
1 2 3 4 7 8 9 10 11 16 17 18 19 20 21 22 23 25 26 31 32 33 36 37 38 39 42 43 50 53 59 60 63 64 65 66 67 69 71 73 76
1 3 5 6 10 12 20 26 28 30 32 33 41 42 43 48 49 50 53 61 62 65 66 68 69 73 74 75 76
0 1 3 5 6 8 10 12 14 18 26 28 30 43 49 53 61 68 69 76
2 3 4 5 6 7 8 9 10 11 14 18 19 21 25 27 29 31 32 36 38 39 53 58 65 68 73 76 77 78
0 1 2 5 6 7 9 11 12 13 14 15 16 17 18 19 20 21 22 23 31 32 33 34 35 40 41 44 47 49 51 54 57 58 60 61 64 65 70 71 72 73 74 78
0 1 2 3 4 6 7 9 12 13 14 16 17 19 20 21 22 23 24 31 32 33 34 35 41 42 43 46 49 51 54 55 57 58 60 61 64 65 70 71 72 73 76 77 78
1 5 7 12 25 28 32 38 45 48 51 52 59 61 63 68 70 74
4 5 6 7 9 10 11 13 16 21 22 25 26 31 36 39 43 44 48 51 60 61 62 63 64 65 66 67 70 71 72 73
9 10 13 14 24 26 29 31 32 34 35 49 50 53 64 68 69 70 77 78
1 2 17 18 19 22 28 30 36 53 59 68 70 71
0 1 2 3 6 7 8 9 10 11 13 14 17 21 22 23 24 25 26 27 28 36 38 39 40 41 42 43 46 47 48 50 51 52 58 59 60 61 62 64 65 66 69 71 72 73 76 77
0 1 3 5 6 7 8 9 10 11 13 14 16 17 18 21 22 23 25 28 30 31 35 36 40 41 43 49 53 55 56 58 59 62 65 66 67 73 77 78
2 3 5 8 12 21 26 29 31 39 43 45 53 65 66 67 68 77
2 3 8 21 24 26 29 31 39 53 61 65 67 76
1 3 5 7 9 14 18 22 23 31 35 36 38 40 42 43 49 50 53 60 61 63 64 68 69 73 77
4 5 9 14 22 28 38 40 43 47 58 59 60 62 63 68 69 70 71 73 76
1 2 3 5 12 14 22 26 48 49 51 52 59 63 64 68
2 7 8 10 11 13 18 21 23 25 28 36 41 43 51 60 61 63 68 69 73 74
0 3 7 8 9 10 11 13 21 22 25 31 36 38 41 47 48 49 50 53 68 71
1 2 5 8 11 12 13 14 15 16 18 20 21 22 23 24 26 27 30 33 34 35 37 40 41 42 43 45 48 51 54 55 57 58 59 60 61 62 63 64 65 66 69 70 71 73 76 77 78
2 3 4 7 8 9 10 11 13 16 18 20 21 22 23 25 26 28 29 30 35 36 38 41 43 44 45 48 53 69 76 78
1 2 3 5 6 8 9 10 13 14 17 18 21 25 28 32 36 38 39 40 41 43 44 50 53 58 59 62 64 66 67 68 69 70 78
0 1 2 3 4 5 7 8 9 10 11 14 18 25 28 29 36 38 41 48 49 53 58 60 61 63 68 71 73 78
5 27 29 31 38 47 48 49 51 52 60 63 65 66
1 2 3 5 7 8 9 12 13 14 16 20 22 23 25 31 32 35 36 37 38 39 40 43 49 50 53 56 61 62 63 64 65 69 71 73 77 78
1 2 26 31 51 52 68 78
1 3 4 7 8 10 11 13 16 17 18 20 22 23 26 31 32 36 38 39 41 46 47 48 51 53 59 60 61 63 64 67 68 69 77
1 3 5 6 9 11 12 13 14 15 16 23 24 25 28 30 31 40 41 42 43 45 49 50 51 54 56 57 58 59 60 61 64 65 66 69 70 71 73 75 78
1 3 5 6 7 11 13 14 16 19 23 24 25 28 30 31 40 41 42 43 49 51 52 54 56 58 59 60 61 64 65 66 69 70 71 73 77 78
4 13 14 16 17 18 21 22 23 26 27 31 38 40 43 44 47 49 50 59 63 64 68 69 70 74
1 9 31 61 68 73
13 17 21 22 23 28 30 53 60 63 64 68 69 70
1 2 3 4 6 7 8 9 10 11 13 14 16 17 18 21 22 23 25 26 28 32 36 38 39 40 41 42 43 47 48 51 58 62 65 70 73 74 76 77 78
0 1 2 3 5 6 7 8 9 10 11 12 13 14 15 16 17 19 20 21 22 23 25 26 30 32 34 35 36 37 38 39 40 41 42 43 45 48 49 50 51 53 54 55 57 59 60 63 65 66 69 71 72 73 74 77 78
2 3 9 10 12 14 16 17 26 28 30 31 38 48 53 60 61 63 64 65 66 67
3 5 12 13 15 16 17 19 20 22 23 24 25 29 31 40 49 51 59 61 63 64 65 66 67 69 70 73
0 2 5 8 9 10 11 13 14 16 17 20 21 22 23 25 26 30 31 32 34 36 37 38 40 41 43 47 49 51 55 58 59 60 62 63 64 65 66 67 69 70 71 73 75 77 78
2 3 5 6 7 8 9 10 11 14 18 21 22 23 25 26 27 29 30 31 34 35 42 43 47 48 51 55 59 60 62 63 64 71 72 73 75 76 78
7 8 11 21 23 25 26 28 30 36 51 59 60 63 65 66 67 71
1 2 7 9 11 18 22 23 24 25 28 30 43 48 68 78
1 2 3 4 6 8 10 11 13 14 16 17 21 22 23 25 26 28 32 38 40 42 43 45 47 48 51 66 75 76 77 78
3 5 7 9 10 11 18 25 26 27 31 36 68 77
1 2 3 4 5 6 7 8 9 10 12 13 14 16 17 20 22 23 25 28 30 32 36 40 41 53 58 61 70 73 76 78
3 5 6 7 8 9 10 12 13 21 22 24 25 28 29 30 33 36 51 52 54 58 59 63 64 68 69 70 71 72 73 76 77 78
2 4 6 8 9 10 12 13 14 15 16 17 18 19 20 21 22 23 25 26 27 30 31 32 36 38 39 40 41 42 43 44 45 47 49 54 57 58 59 63 65 66 69 70 71 73 74 76 77 78
1 3 4 6 8 10 13 14 15 16 17 18 21 22 23 26 27 30 31 32 33 36 38 39 41 42 43 44 54 57 59 63 65 66 69 70 73 78
1 2 4 5 9 10 12 13 14 16 18 19 21 22 23 26 27 28 31 32 38 41 42 48 53 59 60 61 64 65 69 70 77
2 4 5 8 9 10 11 14 18 22 25 26 31 32 33 38 43 47 48 51 67 68 75
1 2 3 7 9 11 19 20 21 29 31 32 33 36 39 60 61 63 64 68 69 70
1 2 7 8 9 10 11 13 16 17 18 21 22 23 25 31 36 38 40 41 65 68 69 72
5 14 23 31 42 51 56 62 64 67 68 70
3 5 6 10 11 12 13 14 16 19 20 21 23 25 26 30 31 32 37 38 46 48 50 51 58 59 60 61 63 64 65 66 67 69 70 73
0 3 5 6 8 10 11 13 14 16 19 20 21 23 25 26 30 31 32 37 43 44 46 50 51 55 56 57 58 59 60 61 63 64 65 66 67 69 70 71 72 73 75 77
2 7 8 9 10 11 12 16 18 21 22 23 25 28 29 30 34 36 41 48 53 60 61 63 64 69 73
1 2 5 7 10 12 13 14 16 17 22 25 26 28 32 34 39 40 41 42 43 53 55 61 65 68 69 70 73 75 77
1 5 6 8 12 13 14 17 18 25 31 36 38 39 40 41 51 61 68 73 74 76
5 6 8 13 14 17 18 25 26 31 36 38 39 40 41 42 43 44 48 51 55 56 58 61 62 68 73
4 13 21 22 30 41 46 51 52 57 58 60 61 63 64 65 66 69 70
1 2 3 5 7 8 11 13 14 16 17 20 23 25 28 36 46 54 59 64 69 70
1 2 7 12 28 29 30 53 59 68 70 72
1 5 7 18 31 38 51 61 63 64 68 77
2 5 7 8 9 10 11 13 14 16 18 20 22 23 24 25 28 30 46 51 57 59 60 61 63 64 65 66 67 69 70 71
2 3 5 6 7 8 9 10 11 12 13 14 16 19 21 25 26 36 41 43 44 53 65 66 67 68 72 73 74
0 1 2 3 6 8 10 11 12 14 16 17 18 20 22 23 25 28 30 32 34 35 40 41 47 48 49 53 55 57 60 64 65 69 70 74
3 5 11 18 25 26 29 30 35 38 40 41 51 52 53 54 55 59 60 63 64 65 66 67 68 69 70 71 75
1 2 3 7 11 14 16 17 18 20 21 22 23 24 30 31 38 41 49 53 59 60 61 62 63 64 69 70 73 76 77 78
1 4 5 6 13 14 28 38 39 46 47 53 58 60 63 64 65 68 72
4 5 9 11 13 14 16 18 19 20 21 23 27 29 30 37 41 46 58 59 63 65 66 67 71 73
5 14 20 29 31 36 53 61 64 65 68 74
0 1 2 3 5 8 9 10 11 13 14 16 17 21 22 24 26 28 34 35 39 41 42 43 49 55 58 59 60 62 63 65 71 73 74 76
3 5 6 8 10 11 12 13 14 16 20 21 23 25 26 28 34 35 40 41 43 45 57 59 60 62 63 64 65 69 70 71 73 76 78
0 1 3 6 7 8 9 10 11 12 13 14 16 17 18 20 21 22 23 25 31 35 38 39 41 55 58 65 66 71 72 73 75 76 78
0 1 2 25 28 30 32 36 45 49 50 53 61 68 73
1 2 5 8 10 11 12 15 17 21 25 31 36 49 51 56 62 64 65 68 71 72 77 78
1 3 12 14 31 61 68 70 74
2 7 25 47 48 53 61 65 68
1 6 14 27 29 31 41 51 59 60 61 63 64 68 69 70 71 78
7 8 10 11 12 13 16 17 18 20 22 23 25 32 33 34 38 39 40 41 53 59 60 61 63 64 68 70
1 9 11 13 14 15 16 17 18 23 28 30 31 35 41 43 51 53 59 60 61 63 64 65 69 70 77 78
2 7 9 11 13 14 16 17 18 19 20 21 22 23 25 28 31 40 41 43 46 53 59 60 61 63 64 67 69 71
2 5 7 8 9 10 12 13 17 18 20 21 25 31 36 38 40 41 46 48 51 64 65 68 70 78
3 8 12 13 14 16 18 20 23 25 26 27 28 29 30 33 34 35 40 41 43 44 46 47 48 51 52 59 60 61 63 64 69 70 71 72 73 77 78
1 2 3 5 6 7 8 9 10 11 16 17 18 20 21 25 28 30 36 43 46 47 49 51 56 57 58 59 60 61 63 64 65 66 69 73 77 78
1 2 5 7 10 17 18 25 29 31 32 36 38 48 51 52 53 58 60 63 68
0 4 8 11 26 28 30 38 49 50 53 68
3 12 13 15 16 17 21 23 24 26 28 40 51 52 53 54 58 59 60 61 63 64 69 70 71 72 75 76
0 1 3 4 5 6 9 10 12 13 16 17 20 22 23 25 26 31 37 40 49 50 51 62 64 65 66 67 70 71 73 77 78
2 5 7 11 13 14 16 18 19 20 21 22 23 25 28 29 30 37 41 43 51 52 53 59 60 63 65 66 69 70 71 72 73
1 2 3 5 7 9 14 18 21 25 28 30 36 39 41 43 49 53 59 60 61 64 67 68 70 73 77
3 4 5 7 8 9 10 11 12 13 16 17 18 19 20 22 23 25 27 28 29 30 32 33 36 37 38 41 43 46 50 59 63 65 66 67 69 71 73
2 4 5 6 8 9 10 13 14 16 17 20 21 22 25 30 31 34 37 41 46 51 52 58 59 60 63 64 65 66 67 69 70 71 75 78
0 3 5 7 8 14 29 36 51 55 68
1 2 7 8 9 10 11 12 13 14 16 17 18 20 21 22 23 24 25 26 28 30 31 36 38 40 41 43 49 53 54 59 60 61 63 64 65 69 70 71 73 77 78
1 2 3 4 7 8 10 11 13 14 16 17 21 22 23 25 26 28 34 36 39 41 43 47 48 53 62 64 69 71 73 77 78
0 1 3 12 14 19 20 21 31 38 39 41 42 43 44 45 47 55 56 62 65 66 68 70 75 76 78
1 2 5 8 10 11 25 26 29 31 41 43 47 48 61 62 68 71 73 76
1 8 9 10 17 23 31 49 59 60 61 63 64 70 77 78
1 30 31 38 44 48 49 50 53 59 63 64 68 69 70 77
6 7 10 12 13 15 16 18 21 22 23 25 26 28 36 38 40 47 48 51 53 58 59 63 64 68 71 78
2 7 8 9 10 11 12 13 14 15 16 17 18 21 22 23 25 28 30 36 38 41 43 53 59 61 63 65 68 69 70 71 73
2 4 7 8 9 10 11 13 16 17 18 20 23 26 28 30 32 34 36 38 39 40 43 47 48 53 59 61 69 78
1 2 4 7 8 9 11 12 16 18 19 20 21 22 23 26 32 33 36 38 39 40 41 43 46 53 59 60 63 64 68 70 71 73 78
0 22 28 30 51 52 59 65 66 67 69 73
3 7 8 11 16 17 21 28 30 39 51 67 68 75
3 13 14 16 21 26 30 31 41 48 53 57 59 60 61 63 64 69 78
0 1 2 3 5 6 8 10 11 13 14 16 17 19 20 21 22 23 24 25 26 30 31 32 33 34 37 40 41 43 44 45 47 53 55 56 60 62 64 65 66 67 69 72 73 74 75 76 77
2 3 5 7 9 10 11 13 16 17 18 21 22 23 25 26 31 32 38 43 44 49 52 53 57 60 61 63 64 65 66 68 77
0 5 6 8 30 31 38 39 41 51 60 65 66 67 69 73
0 3 4 6 8 13 14 16 17 21 22 28 39 41 43 44 53 56 59 60 63 64 65 70 76 78
4 26 28 30 38 39 44 45 47 48 49 50 53 68
4 5 11 14 26 27 28 30 38 39 43 47 48 49 50 53 68 76
3 5 8 9 11 13 14 16 17 20 22 27 28 31 34 36 38 39 40 41 42 43 48 51 53 54 57 59 60 61 62 63 64 65 66 69 70 71 73 74 75 78
5 7 9 11 12 13 14 15 16 17 18 19 20 21 22 23 24 27 28 30 31 34 35 36 40 41 42 49 51 53 54 57 59 60 61 62 63 64 65 66 69 70 71 73 77 78
0 3 4 6 7 8 9 10 11 13 15 16 21 22 23 26 28 32 36 38 39 40 41 43 53 59 60 63 64 65 69 70 71 73 75 77 78
1 2 3 5 7 8 9 10 13 14 16 18 21 22 28 30 36 43 49 51 56 58 59 60 61 63 64 65 66 67 69 71 73 76 77
1 2 3 4 5 7 9 10 12 22 28 30 31 36 38 49 51 52 68
2 4 6 9 11 13 14 15 16 20 21 26 29 31 36 37 40 41 46 57 58 59 60 61 63 64 65 66 67 69 70 71 72 73 78
1 3 5 7 8 10 13 16 17 22 28 30 36 40 41 61 63 68 69 70 78
1 3 5 7 8 9 10 12 14 18 20 23 25 28 38 39 40 41 43 46 48 49 50 53 57 58 60 61 63 65 68 70 78
0 1 2 3 4 5 6 7 8 9 10 11 14 17 18 21 25 26 31 32 33 34 35 36 38 39 40 41 43 53 61 63 76 77 78
8 11 12 13 16 17 18 20 21 23 25 26 31 32 33 34 38 39 40 47 48 49 60 63 65 66 68 78
1 6 8 10 12 13 16 17 21 22 26 28 30 31 33 34 59 60 61 63 69 70 73 77 78
2 7 9 10 11 16 17 19 21 26 30 34 35 36 39 41 48 53 64 68 69 70
0 2 4 8 10 21 22 25 26 28 32 33 36 42 43 44 45 47 48 49 50 53 56 62 63 65 73 75 77
13 16 17 18 20 23 26 30 32 35 37 41 53 59 60 61 63 69 78
5 13 16 17 19 20 23 25 26 30 35 37 41 43 48 53 59 60 61 63 65 69 71 78
1 2 7 9 10 13 17 22 23 25 28 30 31 43 53 60 62 63 64 68 70 73
2 6 8 10 14 16 21 28 31 34 36 43 45 47 48 53 60 63 64 68 70 74 78
0 1 3 13 14 16 17 18 21 22 23 27 30 31 41 45 49 53 54 64 66 67 71 77 78
1 2 3 4 7 8 11 13 17 19 21 22 25 30 33 34 36 38 39 41 42 43 46 51 52 55 58 59 60 61 63 64 68 70 77 78
1 5 6 8 9 12 13 14 15 16 17 21 23 25 28 30 32 36 41 47 60 62 68 69 70 71 78
2 3 4 5 6 7 17 19 22 23 25 26 31 38 41 42 43 51 52 55 56 62 64 65 66 67 68 70 73 74 75 76 77
3 5 9 11 13 15 16 18 20 23 25 28 31 34 38 41 43 51 59 60 61 63 65 66 67 69 70 73 77
0 1 2 3 12 13 16 17 18 20 22 23 25 28 30 35 36 41 53 59 60 63 65 66 67 69 70 71 74 76
2 7 8 10 11 15 16 17 18 19 21 25 26 31 35 36 37 38 39 40 49 60 61 65 66 67 71 73 78
1 7 9 11 13 16 17 18 20 21 22 23 25 28 35 36 43 47 53 59 64 68 70 73 76 78
0 3 4 5 7 8 9 10 11 12 14 16 17 21 22 23 25 26 30 31 32 33 34 36 38 39 41 43 47 48 49 53 62 65 68 71 72 73 77
2 6 7 8 9 10 11 13 14 15 16 20 21 22 23 25 31 38 39 41 43 46 51 52 53 56 59 60 62 63 64 65 66 71 73 77 78
1 2 3 4 7 11 13 14 16 17 18 20 23 26 31 32 34 36 38 39 41 43 47 48 59 65 68 69 70 77 78
7 11 17 22 28 30 48 64 65 68 73
0 1 2 3 4 5 6 8 10 12 13 14 16 21 23 26 28 30 32 38 40 41 46 48 51 52 54 59 60 63 64 65 66 67 69 70 71 73 77
1 6 7 8 9 10 12 14 16 17 18 19 22 23 25 28 38 39 40 41 54 57 69 70 71 72 73 77 78
1 2 3 5 7 9 11 12 13 14 16 17 18 21 22 23 25 28 30 31 36 38 40 41 50 58 59 65 66 69 70 72 73 74 76 77 78
1 3 4 5 6 9 12 14 15 16 17 18 22 23 26 30 31 32 36 38 39 40 41 42 43 48 57 65 66 69 70 71 72 73 76 77 78
1 4 5 7 10 12 16 18 22 25 26 28 29 30 31 36 38 40 43 47 48 49 50 64 68 70 71 73 77 78
1 4 9 11 21 28 31 38 49 50 61 65 66 68
3 6 8 9 10 12 13 14 16 17 18 21 22 25 28 29 30 36 51 53 61 64 68 69 70 71 73 78
0 2 5 7 9 11 25 28 30 31 36 38 39 42 43 49 62 65 68 78
2 5 9 10 13 21 26 28 30 36 41 43 48 53 61 68 69 77
1 2 8 9 10 11 12 13 18 22 23 31 36 41 49 50 53 64 68 73
1 4 5 8 9 13 16 17 18 20 21 22 23 26 30 31 36 37 41 43 48 53 59 60 64 65 68 69 70 71 73 77 78
5 7 12 13 16 27 28 29 30 32 36 43 44 51 57 59 60 61 63 65 67 69 70 73 76 77
3 5 10 25 28 30 37 38 41 51 54 57 59 60 61 63 64 66 67 68 69 78
1 23 26 39 53 60 61 63 64 68 70 77 78
1 5 6 8 9 10 18 26 29 31 36 39 40 41 48 49 50 53 59 60 64 65 68 73 74
0 5 6 9 26 31 32 33 37 51 62 65 66 67 71 73 74 78
1 2 3 5 6 8 10 12 14 16 17 18 19 20 23 31 38 39 40 41 42 47 48 49 50 53 57 58 59 60 61 62 65 68 69 70 72 74 78
2 6 8 10 12 14 16 17 18 19 23 26 31 32 38 49 50 53 54 57 58 59 60 61 65 68 69 72 77 78
2 4 6 7 8 9 10 11 13 14 15 20 21 22 25 26 28 32 33 36 38 39 41 42 43 44 46 47 48 53 55 56 58 59 60 61 62 63 64 65 66 67 69 71 73 78
0 4 5 10 12 25 26 28 32 38 39 43 48 49 53 58 61 64 68 73 77
2 6 10 12 31 36 58 61 64 65 68 76
2 7 8 9 10 11 18 21 26 29 31 36 38 47 48 51 52 55 59 64 65 68 69 70 72 77
3 5 11 12 13 16 17 18 19 21 23 24 25 28 30 31 35 40 43 49 51 52 59 68 73 75 77 78
1 2 7 9 26 28 30 32 38 39 47 48 53 59 68 70 73
1 3 4 5 7 9 11 12 16 17 18 19 20 21 22 23 25 31 32 35 36 38 40 41 43 44 53 56 59 60 62 63 65 70 71 73 76 77 78
1 2 4 8 11 13 16 17 20 21 23 31 32 38 41 43 48 51 53 59 60 63 64 65 66 69
1 5 6 9 20 26 28 30 38 41 53 68 69 70 73 75
0 1 2 3 4 5 6 8 9 10 11 13 14 15 16 17 18 20 21 22 23 24 26 27 28 29 30 32 33 34 35 36 37 38 39 40 41 43 45 46 48 49 50 51 52 55 56 57 58 59 60 62 63 65 66 67 71 73 77
5 9 16 17 21 23 31 36 42 43 68 74 77
1 2 3 6 7 9 11 12 13 14 15 17 18 23 24 25 28 36 38 41 42 49 51 60 61 63 68 69 70 71 72 74 75 78
1 2 3 6 10 12 16 17 21 22 25 26 29 31 38 43 48 51 52 58 64 65 66 69 72 73 77
1 5 22 26 31 41 43 48 53 59 61 64 65 68 70 78
0 5 10 12 17 22 29 31 36 38 43 51 65 68
0 2 3 4 6 7 8 9 10 11 12 13 14 16 17 18 20 22 23 24 25 26 28 30 34 36 40 41 43 45 48 49 51 52 55 58 59 60 61 63 64 65 66 67 69 70 71 73 78
1 2 7 8 10 11 20 22 23 28 30 43 48 51 53 59 60 63 64 68 77 78
2 5 7 10 14 18 25 26 28 30 38 41 42 43 47 49 53 56 58 61 65 69 73 77
2 7 8 9 10 11 13 16 17 18 21 22 23 25 26 28 32 36 41 43 44 47 50 53 58 59 60 61 63 64 69 70 77 78
1 2 5 7 8 9 10 11 16 17 18 20 21 22 23 25 28 29 34 35 36 38 40 49 53 59 60 61 62 63 64 65 69 70 71 72 73
2 25 26 28 30 38 43 48 51 52 61 68 77
1 4 5 6 10 11 12 21 22 28 36 45 55 60 61 68 69 70 78
0 1 4 5 7 9 26 32 33 38 39 42 47 48 49 53 68
26 28 29 30 49 53 61 68 78
1 2 5 7 8 18 26 29 36 39 48 49 50 68
1 2 3 4 5 6 8 10 11 12 14 16 18 19 20 21 22 23 25 26 28 30 32 33 34 35 38 39 40 41 42 43 44 51 53 58 60 62 63 64 65 72 73 77
0 1 4 5 6 9 11 12 13 14 16 17 18 19 20 23 24 25 26 30 31 32 37 38 39 40 41 42 43 45 46 47 48 51 52 54 55 58 59 60 62 63 65 66 67 69 71 72 73 74 75 76 77
3 4 5 6 8 13 14 18 26 31 36 38 39 43 47 48 49 51 52 55 56 61 65 68 70 74 76
1 2 3 5 6 8 9 13 14 16 18 21 22 26 31 36 43 51 52 59 61 62 64 68 70 73 74
1 3 4 5 6 7 8 10 12 13 14 17 18 25 26 30 31 32 36 38 39 43 44 47 48 56 68 76
4 7 10 26 29 38 39 42 47 48 59 60 63 66 67 68 77
1 5 6 8 10 13 14 16 17 18 21 22 24 26 30 34 40 43 53 58 59 60 63 64 65 69 70 73 78
1 2 3 5 7 10 11 18 19 21 24 25 28 30 34 35 36 40 41 43 49 50 55 58 61 62 64 68 69
2 3 5 7 8 9 10 11 12 13 15 16 17 18 21 22 23 25 28 30 31 32 36 38 39 41 53 59 61 64 65 66 69 73 77
1 2 5 7 8 9 10 11 12 14 16 17 18 20 21 22 23 25 28 29 30 34 36 38 41 42 52 53 54 58 59 61 63 64 69 71 76
13 16 17 18 21 22 23 28 30 41 53 60 63 64 68 69 70
1 7 9 11 14 16 17 18 19 20 21 22 23 24 25 26 27 29 31 32 33 41 46 53 58 59 60 61 63 66 67 69 71 78
2 9 11 18 25 26 27 31 43 49 50 60 61 63 65 68 69
1 3 5 7 9 13 14 16 17 18 20 22 23 31 32 36 38 40 41 43 49 51 54 56 57 59 60 61 62 63 65 66 69 70 71 72 73 76 77 78
1 2 3 4 5 7 8 9 10 11 12 14 17 18 22 23 25 26 28 30 36 39 40 41 43 46 53 60 61 64 65 70 78
22 26 36 42 43 47 48 51 61 68 73 78
0 3 28 30 37 49 51 53 58 59 68
1 2 3 4 8 9 10 11 12 13 16 17 18 20 22 23 24 25 30 31 36 37 39 40 41 43 50 51 53 58 59 60 69 70 74 77
1 2 6 7 8 9 10 11 14 21 22 24 25 28 36 40 41 42 49 52 53 57 59 63 65 68 69 73
2 3 5 6 7 8 9 10 14 16 25 26 28 30 36 39 40 64 68 73
2 5 6 7 8 9 10 11 22 30 37 39 43 53 58 59 60 62 68 69 70 71 73 74
1 2 3 5 8 9 10 11 12 13 14 16 17 18 21 22 23 24 25 26 27 30 31 42 43 45 53 54 57 58 62 67 71 72 76 77 78
9 11 13 16 17 20 25 31 38 46 48 51 59 63 64 65 69 78
1 2 10 11 12 13 16 17 18 20 21 22 23 28 30 31 36 41 53 54 60 63 64 68 69 70 73 78
2 3 4 8 10 11 12 13 14 16 17 18 21 22 23 25 26 28 29 30 36 38 39 40 41 42 43 44 49 51 52 53 55 59 60 61 63 65 66 69 70 71 72 73 75 77
4 5 8 9 11 13 14 16 17 21 22 26 28 30 36 38 39 41 43 46 53 59 60 61 63 64 66 69 70 73 74 78
0 1 2 3 5 7 8 10 11 25 27 30 31 36 43 48 51 52 68 78
0 5 7 9 10 11 14 18 28 30 36 39 51 58 60 63 64 67 68 70 73
1 2 3 5 6 7 8 9 10 11 12 14 17 18 19 20 21 22 23 24 25 27 28 30 31 35 36 38 39 41 43 45 49 51 57 58 59 61 63 65 66 67 69 71 73 76 77 78
1 2 3 5 7 8 9 10 11 12 14 17 18 19 20 21 22 23 25 27 28 30 31 36 38 39 41 43 49 50 51 56 58 59 61 63 65 66 67 69 71 72 73 77 78
3 7 13 22 28 38 58 59 62 63 68 77
1 3 4 5 6 8 9 12 13 14 16 17 18 20 22 23 27 30 31 32 38 39 43 49 54 60 62 69 70 71 73 77 78
5 6 26 31 65 68
2 3 7 9 10 18 21 22 25 28 41 44 51 59 63 64 65 68 71 72
1 2 4 6 7 13 14 15 16 17 18 19 20 22 23 24 26 29 30 36 39 40 41 42 43 53 56 57 59 60 62 63 65 67 70 71 73 76 78
1 2 4 6 7 8 12 13 14 16 17 18 19 20 22 23 24 29 30 32 33 38 40 41 42 43 44 57 59 60 63 65 67 70 76 78
1 2 13 14 16 17 18 23 26 32 34 35 36 38 42 43 47 49 53 55 58 59 61 64 65 68 69 71 73 76 77
2 6 7 8 9 13 16 17 23 25 26 34 36 39 53 58 59 61 64 65 68 69 72 73
3 5 7 18 23 31 38 51 61 64 68 73 77
1 7 22 23 25 31 49 53 59 61 64 68 69 70
1 2 3 4 8 9 10 11 12 13 14 16 17 18 22 23 24 25 26 28 30 31 32 36 37 38 39 40 41 43 51 59 63 69 71 72 73 74 78
1 4 11 12 20 25 26 31 32 34 35 38 39 47 48 51 55 59 61 65 66 67 68 71
