2 4 7 9 16 17 20
4 5
2 7 8 16 17 20
2 7 12 16 17 20
2 7 8 9 10 17 20
2 5
4 5 7 9 15 16 17 20
0 2 4 7 9 15 17 20
5 13
0 4 5 9 14 17 18
0 2 3 12 13 15 19 20
2 4 8 9 17
2 4 5 9 20
5 7 20
5 7 16
3 5 13 17 20
0 1 4 5 9 11 16 17 19
5 11 17
2 7 8 9 10 16 17 20
2 4 7 9 20
5 9
0 4 5 9
2 6 9 10 15 16
4 5 16 17
2 9 15 16 20
2 3 4 5 16 17
2 7 9 10 11 15 17 19
2 7 9 15 20
1 3 4 8 9 17 18 19 20
2 8 9 20
4 5 13 14
2 4 7 9 14 17 20
0 2 3 4 7 9 14 15 16 17 20
5 9
5
0 1 3 4 5 9 13 19 20
2 3 4 7 10 16 17
4 5 7 20
1 4 5 9 10 15
2 3 4 7 9 13 17 20
0 5 17
2 3 7 16 17 20
0 9 11 13 14 15 17 20
0 2 4 11 15 19
0 1 2 4 7 8 10 11 13 16 17 20
1 2 17 20
2 17 20
0 2 9 16
0 2 9 16 19
2 3 9 17 18 20
2 4 9 17 20
4 5 8 9 11 16 17
2 4 9 14 17 20
2 7 8 9 16 17 20
2 16 17 20
4 5 13
2 7 8 9 10 11 16 17 20
2 4 9 16 17 20
2 4 9 11 16 17
4 5 7 9 16
2 3 7 8 9 11 12 15 16 17 18 19 20
4 5
3 4 5 17 19 20
4 5 8 17
2 4 9 15 16 17 19 20
2 4 9 10 15 16 17
0 5 17
5
4 5 17 20
5
2 3 4 16 20
2 4 16 17 20
5
0 2 4 7 20
4 5 8 9
2 7 9 17 20
3 4 5 20
5
4 5 7 9 16 20
0 2 3 7 9 13 16 20
4 5 9 16 17 20
2 3 4 16 20
2 9 13 15
2 20
2 4 9
5
0 2 8 11 15 19
2 4 7 9 17 20
2 4 9 17 19 20
1 2 3 4 9 20
5 17
0 3 4 5 7 9 15 16 20
5
4 5
0 1 2 4 11 12 13 14 15 19 20
2 6 7 9 20
4 5 16
3 5 7 20
2 4 5 17 20
0 5 9 11 16
2 9 10 16
2 3 4 15 17 19 20
0 2 3 4 14 15 16 17 19 20
3 4 5 20
4 5 9 15
3 4 9 11 17 19 20
4 5 9 16
5 11
5 13
0 2 7 9 17 20
0 5
5 9 11 13 16
2 3 4 5 7 9 17 20
1 2 14
2 4 7 9 17 20
5 16 17
5
2 4 16
0 3 4 5 6 7 9 14 16
0 2 4 11 16 17 20
0 1 4 8 17 20
5 11
0 4 5 9
2 4 7 8 9 13 16 19
5 17
0 2 8 9 17
2 4 7 8 9 10 15 19
4 5 11 20
5 11 16
2 7 9 15 20
1 4 5 9 11 13 14 15
0 2 4 5 14 15 19
4 5 9 15 16 17
0 2 7 8 9 11 17 20
0 1 2 3 7 8 9 10 15 16 17 19 20
4 5 11
4 5 7 8 9 20
4 5 14 16 17
5 7
0 1 2 3 4 6 7 8 9 10 14 15 16 19 20
0 2 6 9 12 16 17 18 20
2 16 19
2 15
4 5 9 16
4 5 7 9 15 19 20
4 5
4 5 9 11 18
0 4 5 7
2 7 9 12 14 15 16 17 18 20
2 15 17
2 4 6 17
0 4 5 7 9 12 17 20
4 5 12
2 4 7 9 16 17
5 17
3 4 5 14 16
2 6 7 9 13 17 20
2 6 7 9 16 17 18 20
2 11
5 9
5 14 20
2 4 9 10 11 15 16 17 20
0 1 2 4 6 7 8 9 11 12 16 17 19 20
2 4 5 20
2 4 9 18 20
0 2 7 9 13 16 17 20
2 4 7 8 9 12 13 15 17 20
4 5 7 20
5 17
1 2 13 15 16 17
5 16
2 4 9 14 15 17 20
2 4 7 8 9 15 16 17 20
2 7 9 10 11 15 16 17 18 20
2 9 17 20
4 5 16
4 5 13
4 5
2 8
5 12 19
1 3 4 5 9 17
0 3 4 5 7 8 9 13 14 16 17 18 20
2 4 9 20
4 5 9 13 14 16 20
5 9 11 14 15
4 5 9
1 3 4 5 20
2 3 20
5 8
5 16
2 3 4 7 20
2 4 8 9 11
0 2 4 11 20
5 7 13 19
2 9 15 16 17 20
3 4 8 14 20
2 3 6 7 9 20
4 5 11
0 2 7 9 11 15
1 2 7 9 10 15 17 18 20
0 2 7 8 9 12 13 14 15 17 19 20
0 4 5 6 9
5 7 8 16 17 20
5 11
5
4 5 7 17 20
2 20
2 16 17 20
2 3 7 20
2 3 5 17
3 5 7 8 9 16 17 20
2 3 4 9 16 17 20
4 5
0 4 5
1 4 5 7 8 10 13 15 20
0 4 5 7 9 16 17
2 4 7 8 9 20
4 5 6 9 16
2 3 7 9 20
2 3 4 7 13 17 19 20
0 4 5
2 7 9 16 17 18 20
1 2 4 7 9 16 17 20
0 5 13 15 17
1 5 7 9 15
5 16 17 20
4 5 16
5 7 17
2 4 7 9
2 4 17 20
2 3 7 9 17 18 20
0 5 9 20
1 2 4 13
2 4 17 20
0 2 4 8 9 11 12 13 15 16 20
2 4 16 20
0 4 5 9
0 2 15 17 19 20
4 5
4 5 15
2 6 7 9 11 12 13 17 18 20
2 6 7 9 16 17 18 20
0 2 7 9 10 13 16 17 20
2 4 7 9 15 16 19 20
4 5 20
3 5 6 7 8 9 12 17 18 20
5 17
3 4 5 17 20
0 2 4 15 16 17 20
2 5 17 20
2 9 16 17 20
2 4
0 1 2 4 9 12 13 14 16 20
2 4 12 17 20
2 4 7 17 20
5 9
5 11 17
0 2 7 16 17 20
3 4 16 17
2 7 17
5 9 11 13 15 16
4 5 9 16 20
0 2 4 7 10 11 14 15 20
2 7 9 17 20
2 4 9 15 17
0 1 2 4 7 8 9 16 20
1 2 3 4 7 9 16 17 19 20
2 10 16 17 20
4 5 9
0 2 3 4 7 9 16 18 20
2 7 8 9 16 17 20
2 8 9 11 15 16 17
1 2 7 8 9 12 15 16 17 18 19 20
5 7 9 10 16 17
5
5 7 9 17
0 5 17
4 5 16
2 4 9
2 4 7 9 16 17 20
4 5 9 14 15 16 20
4 5 17 20
5 14 16 17
4 5 9 11 20
0 5 7 9 11 17
4 5 8 11 12 17 18 19 20
5 8 16 17 20
2 3 4 7 9 17 19 20
0 4 5 9 14 16
5 15
5 8 16
1 5 9 13 16 17
5 9
2 7 9 15 16 17
2 4 20
5 9 13 19
0 2 3 6 7 9 10 16 20
2 11 16
4 5 7 8 10 11 13 17 20
4 8 9 16 20
4 5 17 20
0 4 5
0 1 2 4 6 7 9 17 20
4 16 17 20
4 9 16 20
2 16 17 20
2 4 7 8 9
4 5 16
5 12 17 19
0 5
5 17
4 5 14
1 2 4 8 9 14 16 19 20
0 3 5 7 8 9 11 13 15 16 19 20
4 5 11 15
2 5 9 11
5 15
5 16
2 9 17 18 20
5
2 9 16
2 4 7 15 20
4 10
2 3 7 17 20
5 12
5 7 8 9 10 15 16 17 19 20
2 3 17 20
4 5 9 17
0 5 14
2 11 16
2 9
5 9 14
1 4 5 7 9 11 19
2 6 7 8 15 16 17 20
2 3 4 17 20
2 9 17 20
1 2 4 7 8 9 13 16 20
2 3 4 9 11 17 20
0 4 5 17
0 4 5 9
2 6 7 9 15 16 17
2 7 8 9 16 17
5 16
2 7 9 12 16 17 20
5
5 7 8
2 7 9 15 17 20
2 15 17 20
1 2 7 9 14 15 16 19 20
2 8 9
5 9 16
5
2 7 8 9 11 12 17 20
5 7
